234.8
234.5
234.3
234.0
233.8
233.6
233.4
233.2
233.0
232.8
232.7
232.5
232.4
232.3
232.2
232.1
232.1
232.0
232.0
231.9
231.9
231.9
231.9
231.9
232.0
232.0
232.1
232.2
232.3
232.4
232.5
232.6
232.7
232.9
233.0
233.2
233.4
233.6
233.8
234.0
234.2
234.4
234.7
234.9
235.1
235.4
235.6
235.9
236.1
236.4
236.7
236.9
237.2
237.5
237.8
238.1
238.3
238.6
238.9
239.2
239.5
239.8
240.1
240.4
240.7
241.0
241.2
241.5
241.8
242.1
242.4
242.7
243.0
243.3
243.6
243.8
244.1
244.4
244.7
245.0
245.2
245.5
245.8
246.1
246.3
246.6
246.9
247.2
247.4
247.7
248.0
248.3
248.6
248.9
249.2
249.5
249.8
250.1
250.4
250.8
251.1
251.4
251.7
252.0
252.4
252.7
253.0
253.3
253.7
254.0
254.3
254.6
254.9
255.3
255.6
255.9
256.1
256.4
256.7
257.0
257.2
257.5
257.7
258.0
258.2
258.4
258.6
258.8
259.0
259.2
259.4
259.5
259.7
259.8
259.9
260.0
260.1
260.3
260.3
260.4
260.5
260.6
260.6
260.7
260.8
260.8
260.9
260.9
261.0
261.0
261.1
261.1
261.2
261.2
261.3
261.4
261.4
261.5
261.6
261.6
261.7
261.8
261.8
261.9
262.0
262.1
262.1
262.2
262.3
262.4
262.4
262.5
262.6
262.7
262.7
262.8
262.9
262.9
263.0
263.0
263.1
263.2
263.2
263.3
263.3
263.3
263.4
263.4
263.5
263.5
263.5
263.5
263.5
263.5
263.5
263.5
263.5
263.5
263.5
263.4
263.4
263.4
263.3
263.3
263.2
263.2
263.1
263.0
262.9
262.8
262.8
262.6
262.5
262.4
262.3
262.2
262.0
261.9
261.8
261.6
261.5
261.3
261.2
261.0
260.8
260.7
260.5
260.3
260.1
260.0
259.8
259.6
259.5
259.3
259.1
258.9
258.8
258.6
258.5
258.3
258.2
258.0
257.9
257.7
257.6
257.4
257.3
257.2
257.0
256.9
256.8
256.6
256.5
256.4
256.3
256.2
256.1
256.0
255.8
255.7
255.6
255.5
255.4
255.3
255.2
255.1
255.0
254.8
254.7
254.6
254.5
254.4
254.2
254.1
254.0
253.9
253.7
253.6
253.5
253.3
253.2
253.1
252.9
252.8
252.7
252.5
252.4
252.3
252.1
252.0
251.9
251.8
251.7
251.6
251.4
251.3
251.2
251.1
251.1
251.0
250.9
250.8
250.7
250.7
250.6
250.6
250.5
250.5
250.4
250.4
250.4
250.4
250.4
250.4
250.4
250.4
250.4
250.4
250.4
250.4
250.4
250.5
250.5
250.6
250.6
250.7
250.7
250.8
250.8
250.9
251.0
251.1
251.1
251.2
251.3
251.4
251.5
251.6
251.7
251.8
251.8
251.9
252.0
252.2
252.2
252.4
252.5
252.6
252.7
252.8
252.9
253.0
253.1
253.2
253.3
253.4
253.5
253.6
253.7
253.8
253.9
254.0
254.1
254.2
254.2
254.4
254.4
254.5
254.6
254.7
254.8
254.9
255.0
255.1
255.1
255.2
255.3
255.4
255.5
255.6
255.7
255.8
255.9
256.0
256.1
256.2
256.3
256.4
256.5
256.6
256.7
256.9
257.0
257.1
257.2
257.4
257.5
257.6
257.7
257.9
258.0
258.1
258.3
258.4
258.5
258.7
258.8
258.9
259.1
259.2
259.3
259.5
259.6
259.7
259.8
260.0
260.1
260.2
260.3
260.4
260.6
260.7
260.8
260.9
261.0
261.1
261.2
261.3
261.4
261.5
261.6
261.7
261.8
261.9
262.0
262.1
262.2
262.3
262.3
262.4
262.5
262.6
262.7
262.8
262.9
263.0
263.2
263.3
263.4
263.5
263.6
263.7
263.9
264.0
264.1
264.3
264.4
264.6
264.7
264.9
265.0
265.2
265.3
265.5
265.7
265.8
266.0
266.2
266.4
266.5
266.7
266.9
267.1
267.3
267.5
267.6
267.8
268.0
268.2
268.4
268.6
268.8
269.0
269.2
269.4
269.5
269.7
269.9
270.1
270.3
270.4
270.6
270.8
270.9
271.1
271.3
271.4
271.6
271.7
271.9
272.0
272.1
272.3
272.4
272.5
272.6
272.8
272.9
273.0
273.1
273.2
273.3
273.4
273.5
273.6
273.7
273.8
273.9
274.0
274.1
274.3
274.3
274.5
274.6
274.7
274.8
274.9
275.0
275.1
275.2
275.3
275.4
275.5
275.6
275.7
275.9
276.0
276.1
276.2
276.3
276.4
276.5
276.6
276.7
276.8
276.9
277.0
277.1
277.2
277.3
277.4
277.4
277.5
277.6
277.6
277.7
277.7
277.7
277.8
277.8
277.8
277.9
277.9
277.9
277.9
277.9
277.8
277.8
277.8
277.8
277.7
277.7
277.6
277.6
277.5
277.5
277.4
277.3
277.3
277.2
277.1
277.0
276.9
276.9
276.8
276.7
276.6
276.5
276.4
276.3
276.2
276.1
276.0
275.9
275.8
275.7
275.6
275.5
275.4
275.3
275.2
275.1
275.0
274.9
274.8
274.7
274.6
274.5
274.4
274.3
274.2
274.0
273.9
273.8
273.7
273.6
273.5
273.4
273.3
273.2
273.0
272.9
272.8
272.7
272.5
272.4
272.3
272.1
272.0
271.9
271.7
271.6
271.4
271.2
271.1
270.9
270.7
270.6
270.4
270.2
270.0
269.8
269.6
269.4
269.2
269.0
268.8
268.6
268.4
268.1
267.9
267.7
267.5
267.2
267.0
266.8
266.5
266.3
266.0
265.8
265.5
265.3
265.0
264.8
264.5
264.3
264.0
263.8
263.6
263.3
263.1
262.8
262.6
262.3
262.1
261.9
261.7
261.4
261.2
261.0
260.8
260.5
260.3
260.1
259.9
259.7
259.5
259.3
259.1
258.8
258.6
258.4
258.3
258.1
257.9
257.7
257.5
257.3
257.1
256.9
256.7
256.5
256.4
256.2
256.0
255.8
255.6
255.4
255.2
255.1
254.9
254.7
254.5
254.3
254.1
254.0
253.8
253.6
253.4
253.3
253.1
252.9
252.8
252.6
252.4
252.3
252.1
251.9
251.8
251.6
251.5
251.3
251.2
251.1
250.9
250.8
250.7
250.5
250.4
250.3
250.2
250.1
250.0
249.9
249.8
249.7
249.6
249.5
249.5
249.4
249.3
249.3
249.2
249.2
249.1
249.1
249.0
249.0
249.0
249.0
248.9
248.9
248.9
248.9
248.9
248.9
249.0
249.0
249.0
249.0
249.1
249.1
249.1
249.2
249.2
249.3
249.3
249.4
249.5
249.5
249.6
249.7
249.7
249.8
249.9
250.0
250.0
250.1
250.2
250.3
250.3
250.4
250.5
250.6
250.7
250.8
250.9
251.0
251.0
251.1
251.2
251.3
251.4
251.5
251.6
251.7
251.8
251.9
252.0
252.1
252.2
252.3
252.4
252.5
252.7
252.8
252.9
253.0
253.2
253.3
253.4
253.6
253.7
253.9
254.0
254.2
254.4
254.5
254.7
254.9
255.0
255.2
255.4
255.6
255.8
256.0
256.1
256.3
256.5
256.7
256.9
257.1
257.3
257.5
257.7
257.9
258.1
258.3
258.5
258.7
258.9
259.1
259.3
259.5
259.7
259.9
260.1
260.3
260.5
260.7
260.8
261.0
261.2
261.4
261.6
261.7
261.9
262.1
262.3
262.4
262.6
262.8
262.9
263.1
263.2
263.4
263.6
263.7
263.9
264.0
264.2
264.4
264.5
264.7
264.8
265.0
265.2
265.3
265.5
265.6
265.8
266.0
266.1
266.3
266.5
266.7
266.8
267.0
267.2
267.3
267.5
267.7
267.9
268.0
268.2
268.4
268.6
268.7
268.9
269.1
269.3
269.4
269.6
269.8
269.9
270.1
270.2
270.4
270.5
270.7
270.8
271.0
271.1
271.2
271.4
271.5
271.6
271.7
271.8
271.9
272.0
272.1
272.2
272.3
272.4
272.4
272.5
272.6
272.6
272.7
272.7
272.8
272.8
272.9
272.9
272.9
273.0
273.0
273.0
273.0
273.0
273.1
273.1
273.1
273.1
273.1
273.1
273.1
273.1
273.1
273.1
273.1
273.1
273.1
273.1
273.1
273.1
273.0
273.0
273.0
273.0
273.0
273.0
273.0
272.9
272.9
272.9
272.9
272.9
272.8
272.8
272.8
272.7
272.7
272.7
272.6
272.6
272.5
272.5
272.4
272.4
272.3
272.2
272.2
272.1
272.0
271.9
271.8
271.8
271.7
271.6
271.5
271.4
271.2
271.1
271.0
270.9
270.8
270.6
270.5
270.4
270.2
270.1
269.9
269.8
269.6
269.5
269.3
269.2
269.0
268.8
268.7
268.5
268.3
268.1
268.0
267.8
267.6
267.4
267.2
267.1
266.9
266.7
266.5
266.3
266.2
266.0
265.8
265.6
265.4
265.3
265.1
264.9
264.8
264.6
264.4
264.3
264.1
263.9
263.8
263.6
263.4
263.3
263.1
263.0
262.8
262.7
262.5
262.3
262.2
262.0
261.9
261.7
261.6
261.4
261.3
261.1
261.0
260.8
260.6
260.5
260.3
260.2
260.0
259.9
259.7
259.5
259.4
259.2
259.1
258.9
258.7
258.6
258.4
258.2
258.1
257.9
257.7
257.6
257.4
257.2
257.1
256.9
256.7
256.6
256.4
256.2
256.1
255.9
255.7
255.6
255.4
255.3
255.1
255.0
254.8
254.7
254.5
254.4
254.2
254.1
253.9
253.8
253.7
253.5
253.4
253.3
253.2
253.0
252.9
252.8
252.7
252.6
252.5
252.4
252.3
252.2
252.2
252.1
252.0
251.9
251.8
251.8
251.7
251.6
251.6
251.5
251.5
251.4
251.4
251.3
251.3
251.2
251.2
251.1
251.1
251.1
251.0
251.0
251.0
251.0
250.9
250.9
250.9
250.9
250.9
250.8
250.8
250.8
250.8
250.8
250.8
250.8
250.8
250.8
250.8
250.8
250.8
250.8
250.8
250.8
250.9
250.9
250.9
250.9
251.0
251.0
251.1
251.1
251.1
251.2
251.2
251.3
251.4
251.4
251.5
251.6
251.6
251.7
251.8
251.9
252.0
252.1
252.2
252.3
252.4
252.5
252.6
252.7
252.8
253.0
253.1
253.2
253.4
253.5
253.6
253.8
253.9
254.1
254.2
254.4
254.5
254.7
254.8
255.0
255.1
255.3
255.4
255.6
255.8
255.9
256.1
256.2
256.4
256.6
256.7
256.9
257.0
257.2
257.4
257.5
257.7
257.8
258.0
258.1
258.3
258.4
258.6
258.8
258.9
259.1
259.2
259.4
259.5
259.7
259.8
260.0
260.2
260.3
260.5
260.6
260.8
261.0
261.1
261.3
261.5
261.6
261.8
262.0
262.2
262.3
262.5
262.7
262.9
263.1
263.3
263.4
263.6
263.8
264.0
264.2
264.4
264.6
264.8
264.9
265.1
265.3
265.5
265.7
265.9
266.1
266.3
266.4
266.6
266.8
267.0
267.2
267.3
267.5
267.7
267.8
268.0
268.2
268.3
268.5
268.6
268.8
268.9
269.1
269.2
269.4
269.5
269.6
269.8
269.9
270.0
270.1
270.3
270.4
270.5
270.6
270.7
270.8
270.9
271.0
271.1
271.2
271.3
271.4
271.5
271.6
271.7
271.8
271.9
272.0
272.1
272.2
272.3
272.4
272.5
272.6
272.7
272.7
272.8
272.9
273.0
273.1
273.2
273.3
273.3
273.4
273.5
273.6
273.6
273.7
273.8
273.9
273.9
274.0
274.1
274.1
274.2
274.2
274.3
274.3
274.4
274.4
274.4
274.5
274.5
274.5
274.5
274.5
274.6
274.6
274.6
274.6
274.5
274.5
274.5
274.5
274.5
274.4
274.4
274.4
274.3
274.3
274.2
274.2
274.1
274.0
274.0
273.9
273.8
273.7
273.7
273.6
273.5
273.4
273.3
273.2
273.1
273.0
272.9
272.8
272.7
272.6
272.5
272.4
272.2
272.1
272.0
271.9
271.8
271.7
271.5
271.4
271.3
271.2
271.0
270.9
270.8
270.7
270.5
270.4
270.3
270.1
270.0
269.8
269.7
269.6
269.4
269.3
269.1
269.0
268.8
268.7
268.5
268.3
268.2
268.0
267.9
267.7
267.5
267.4
267.2
267.0
266.9
266.7
266.5
266.3
266.1
266.0
265.8
265.6
265.4
265.2
265.0
264.8
264.6
264.5
264.3
264.1
263.9
263.7
263.5
263.3
263.1
262.9
262.7
262.5
262.3
262.1
261.8
261.7
261.4
261.3
261.1
260.9
260.7
260.5
260.3
260.1
259.9
259.7
259.5
259.3
259.2
259.0
258.8
258.6
258.5
258.3
258.1
258.0
257.8
257.6
257.5
257.3
257.2
257.0
256.9
256.7
256.6
256.4
256.3
256.1
256.0
255.8
255.7
255.6
255.4
255.3
255.2
255.0
254.9
254.8
254.7
254.5
254.4
254.3
254.2
254.0
253.9
253.8
253.7
253.5
253.4
253.3
253.2
253.1
253.0
252.9
252.8
252.6
252.5
252.4
252.3
252.2
252.1
252.0
251.9
251.8
251.7
251.7
251.6
251.5
251.4
251.3
251.2
251.2
251.1
251.0
251.0
250.9
250.9
250.8
250.8
250.7
250.7
250.6
250.6
250.5
250.5
250.5
250.5
250.4
250.4
250.4
250.4
250.4
250.4
250.4
250.4
250.4
250.5
250.5
250.5
250.5
250.6
250.6
250.6
250.7
250.7
250.7
250.8
250.8
250.9
251.0
251.0
251.1
251.2
251.2
251.3
251.4
251.4
251.5
251.6
251.7
251.8
251.8
251.9
252.0
252.1
252.2
252.3
252.4
252.5
252.6
252.7
252.8
252.9
253.0
253.1
253.2
253.4
253.5
253.6
253.7
253.8
254.0
254.1
254.2
254.4
254.5
254.7
254.8
254.9
255.1
255.2
255.4
255.6
255.7
255.9
256.1
256.2
256.4
256.6
256.8
256.9
257.1
257.3
257.5
257.7
257.9
258.1
258.3
258.5
258.7
258.9
259.1
259.3
259.5
259.7
259.9
260.2
260.4
260.6
260.8
261.0
261.2
261.4
261.6
261.9
262.1
262.3
262.5
262.7
262.9
263.1
263.3
263.5
263.7
263.9
264.1
264.3
264.5
264.7
264.9
265.1
265.2
265.4
265.6
265.8
266.0
266.2
266.3
266.5
266.7
266.8
267.0
267.2
267.4
267.5
267.7
267.9
268.0
268.2
268.3
268.5
268.7
268.8
269.0
269.1
269.3
269.4
269.6
269.8
269.9
270.1
270.2
270.4
270.5
270.7
270.8
270.9
271.1
271.2
271.4
271.5
271.6
271.7
271.9
272.0
272.1
272.2
272.3
272.5
272.6
272.7
272.8
272.9
273.0
273.1
273.2
273.2
273.3
273.4
273.5
273.5
273.6
273.7
273.7
273.8
273.8
273.9
273.9
274.0
274.0
274.0
274.1
274.1
274.1
274.1
274.2
274.2
274.2
274.2
274.2
274.2
274.2
274.2
274.2
274.1
274.1
274.1
274.1
274.1
274.0
274.0
274.0
273.9
273.9
273.9
273.8
273.8
273.8
273.7
273.7
273.6
273.6
273.5
273.5
273.4
273.4
273.3
273.3
273.2
273.1
273.1
273.0
273.0
272.9
272.8
272.7
272.7
272.6
272.5
272.4
272.4
272.3
272.2
272.1
272.0
271.9
271.8
271.7
271.6
271.5
271.4
271.3
271.1
271.0
270.9
270.8
270.7
270.5
270.4
270.3
270.1
270.0
269.8
269.7
269.5
269.4
269.2
269.1
268.9
268.7
268.5
268.4
268.2
268.0
267.8
267.7
267.5
267.3
267.1
266.9
266.7
266.6
266.4
266.2
266.0
265.8
265.6
265.4
265.2
265.0
264.9
264.7
264.5
264.3
264.1
263.9
263.7
263.6
263.4
263.2
263.0
262.8
262.6
262.5
262.3
262.1
261.9
261.8
261.6
261.4
261.2
261.0
260.9
260.7
260.5
260.4
260.2
260.0
259.8
259.7
259.5
259.3
259.2
259.0
258.8
258.7
258.5
258.3
258.2
258.0
257.9
257.7
257.5
257.4
257.2
257.0
256.9
256.7
256.6
256.4
256.3
256.1
256.0
255.8
255.7
255.5
255.4
255.2
255.1
254.9
254.8
254.6
254.5
254.3
254.2
254.1
253.9
253.8
253.7
253.6
253.4
253.3
253.2
253.1
253.0
252.9
252.8
252.7
252.6
252.5
252.4
252.3
252.2
252.1
252.1
252.0
251.9
251.9
251.8
251.7
251.7
251.6
251.6
251.5
251.5
251.5
251.4
251.4
251.4
251.3
251.3
251.3
251.3
251.2
251.2
251.2
251.2
251.2
251.2
251.2
251.2
251.2
251.2
251.2
251.2
251.2
251.2
251.2
251.2
251.2
251.3
251.3
251.3
251.3
251.3
251.4
251.4
251.4
251.5
251.5
251.5
251.6
251.6
251.6
251.7
251.7
251.8
251.8
251.9
251.9
252.0
252.0
252.1
252.2
252.2
252.3
252.4
252.5
252.5
252.6
252.7
252.8
252.9
253.0
253.1
253.2
253.3
253.4
253.5
253.6
253.7
253.8
253.9
254.0
254.2
254.3
254.4
254.5
254.7
254.8
254.9
255.0
255.2
255.3
255.5
255.6
255.7
255.9
256.0
256.2
256.3
256.4
256.6
256.7
256.9
257.0
257.2
257.3
257.5
257.6
257.8
257.9
258.1
258.3
258.4
258.6
258.7
258.9
259.0
259.2
259.3
259.5
259.7
259.8
260.0
260.1
260.3
260.5
260.6
260.8
261.0
261.1
261.3
261.5
261.6
261.8
262.0
262.2
262.3
262.5
262.7
262.9
263.0
263.2
263.4
263.6
263.8
264.0
264.1
264.3
264.5
264.7
264.9
265.1
265.3
265.5
265.7
265.9
266.0
266.2
266.4
266.6
266.8
267.0
267.2
267.4
267.5
267.7
267.9
268.1
268.3
268.4
268.6
268.8
269.0
269.1
269.3
269.5
269.6
269.8
269.9
270.1
270.2
270.4
270.5
270.7
270.8
271.0
271.1
271.2
271.4
271.5
271.6
271.7
271.9
272.0
272.1
272.2
272.3
272.4
272.5
272.6
272.7
272.8
272.9
273.0
273.1
273.2
273.3
273.4
273.5
273.6
273.6
273.7
273.8
273.9
273.9
274.0
274.1
274.1
274.2
274.3
274.3
274.4
274.4
274.5
274.5
274.6
274.6
274.6
274.7
274.7
274.7
274.7
274.8
274.8
274.8
274.8
274.8
274.8
274.8
274.8
274.8
274.8
274.8
274.7
274.7
274.7
274.7
274.6
274.6
274.5
274.5
274.4
274.4
274.3
274.2
274.2
274.1
274.0
274.0
273.9
273.8
273.7
273.6
273.5
273.4
273.3
273.2
273.1
273.0
272.9
272.7
272.6
272.5
272.4
272.3
272.1
272.0
271.9
271.7
271.6
271.5
271.3
271.2
271.0
270.9
270.8
270.6
270.5
270.3
270.1
270.0
269.8
269.7
269.5
269.3
269.2
269.0
268.8
268.7
268.5
268.3
268.2
268.0
267.8
267.7
267.5
267.3
267.1
267.0
266.8
266.6
266.4
266.3
266.1
265.9
265.7
265.5
265.4
265.2
265.0
264.8
264.6
264.4
264.2
264.0
263.8
263.6
263.5
263.3
263.1
262.9
262.7
262.5
262.3
262.1
261.9
261.7
261.5
261.3
261.1
260.9
260.7
260.5
260.3
260.1
259.9
259.7
259.5
259.3
259.1
259.0
258.8
258.6
258.4
258.2
258.0
257.9
257.7
257.5
257.3
257.1
257.0
256.8
256.6
256.5
256.3
256.1
256.0
255.8
255.7
255.5
255.3
255.2
255.0
254.9
254.7
254.6
254.4
254.3
254.2
254.0
253.9
253.7
253.6
253.5
253.3
253.2
253.1
253.0
252.9
252.7
252.6
252.5
252.4
252.3
252.2
252.1
252.0
251.9
251.8
251.7
251.6
251.5
251.4
251.3
251.2
251.2
251.1
251.0
250.9
250.9
250.8
250.7
250.7
250.6
250.6
250.5
250.5
250.4
250.4
250.3
250.3
250.3
250.2
250.2
250.2
250.2
250.2
250.2
250.1
250.2
250.1
250.2
250.2
250.2
250.2
250.2
250.2
250.3
250.3
250.3
250.4
250.4
250.5
250.5
250.6
250.6
250.7
250.8
250.8
250.9
251.0
251.1
251.1
251.2
251.3
251.4
251.5
251.6
251.7
251.8
251.9
252.0
252.1
252.2
252.4
252.5
252.6
252.7
252.8
253.0
253.1
253.2
253.3
253.5
253.6
253.8
253.9
254.0
254.2
254.3
254.5
254.6
254.8
254.9
255.1
255.2
255.4
255.5
255.7
255.8
256.0
256.2
256.3
256.5
256.6
256.8
257.0
257.2
257.3
257.5
257.7
257.8
258.0
258.2
258.4
258.6
258.7
258.9
259.1
259.3
259.5
259.7
259.9
260.1
260.2
260.4
260.6
260.8
261.0
261.2
261.4
261.6
261.8
262.0
262.2
262.3
262.5
262.7
262.9
263.1
263.3
263.5
263.7
263.9
264.0
264.2
264.4
264.6
264.8
264.9
265.1
265.3
265.5
265.6
265.8
266.0
266.1
266.3
266.5
266.6
266.8
266.9
267.1
267.3
267.4
267.6
267.7
267.9
268.0
268.1
268.3
268.4
268.6
268.7
268.8
269.0
269.1
269.2
269.4
269.5
269.6
269.8
269.9
270.0
270.2
270.3
270.4
270.5
270.6
270.7
270.9
271.0
271.1
271.2
271.3
271.4
271.5
271.6
271.7
271.8
271.9
272.0
272.1
272.2
272.3
272.4
272.5
272.6
272.6
272.7
272.8
272.9
272.9
273.0
273.1
273.1
273.2
273.3
273.3
273.4
273.4
273.5
273.5
273.5
273.6
273.6
273.6
273.7
273.7
273.7
273.7
273.8
273.8
273.8
273.8
273.8
273.8
273.8
273.8
273.8
273.8
273.7
273.7
273.7
273.7
273.7
273.6
273.6
273.6
273.5
273.5
273.5
273.4
273.4
273.3
273.3
273.3
273.2
273.1
273.1
273.0
273.0
272.9
272.8
272.8
272.7
272.6
272.6
272.5
272.4
272.3
272.2
272.2
272.1
272.0
271.9
271.8
271.7
271.6
271.5
271.4
271.3
271.2
271.1
271.0
270.9
270.8
270.6
270.5
270.4
270.3
270.1
270.0
269.9
269.7
269.6
269.4
269.3
269.1
269.0
268.8
268.7
268.5
268.3
268.2
268.0
267.9
267.7
267.5
267.3
267.2
267.0
266.8
266.6
266.5
266.3
266.1
265.9
265.7
265.6
265.4
265.2
265.0
264.8
264.6
264.5
264.3
264.1
263.9
263.7
263.5
263.4
263.2
263.0
262.8
262.6
262.5
262.3
262.1
261.9
261.7
261.6
261.4
261.2
261.0
260.9
260.7
260.5
260.4
260.2
260.0
259.8
259.7
259.5
259.3
259.2
259.0
258.9
258.7
258.5
258.4
258.2
258.1
257.9
257.8
257.6
257.5
257.3
257.1
257.0
256.8
256.7
256.6
256.4
256.3
256.1
256.0
255.8
255.7
255.6
255.4
255.3
255.1
255.0
254.9
254.7
254.6
254.5
254.3
254.2
254.1
254.0
253.8
253.7
253.6
253.5
253.4
253.3
253.1
253.0
252.9
252.8
252.7
252.6
252.5
252.5
252.4
252.3
252.2
252.1
252.0
252.0
251.9
251.8
251.8
251.7
251.6
251.6
251.5
251.5
251.4
251.4
251.4
251.3
251.3
251.2
251.2
251.2
251.1
251.1
251.1
251.1
251.1
251.1
251.0
251.0
251.0
251.0
251.0
251.0
251.0
251.0
251.0
251.0
251.0
251.0
251.1
251.1
251.1
251.1
251.1
251.2
251.2
251.2
251.3
251.3
251.3
251.4
251.4
251.5
251.5
251.6
251.6
251.7
251.7
251.8
251.8
251.9
252.0
252.1
252.1
252.2
252.3
252.4
252.5
252.6
252.6
252.7
252.8
252.9
253.0
253.1
253.2
253.4
253.5
253.6
253.7
253.8
254.0
254.1
254.2
254.4
254.5
254.6
254.8
254.9
255.1
255.2
255.4
255.5
255.7
255.8
256.0
256.2
256.3
256.5
256.6
256.8
257.0
257.2
257.3
257.5
257.7
257.9
258.0
258.2
258.4
258.6
258.8
258.9
259.1
259.3
259.5
259.7
259.9
260.1
260.2
260.4
260.6
260.8
261.0
261.2
261.4
261.6
261.8
262.0
262.2
262.4
262.6
262.8
263.0
263.2
263.4
263.6
263.8
264.0
264.2
264.4
264.6
264.7
264.9
265.1
265.3
265.5
265.7
265.9
266.1
266.3
266.5
266.7
266.9
267.1
267.3
267.5
267.7
267.9
268.1
268.3
268.4
268.6
268.8
269.0
269.2
269.4
269.5
269.7
269.9
270.0
270.2
270.4
270.5
270.7
270.9
271.0
271.2
271.3
271.5
271.6
271.7
271.9
272.0
272.1
272.3
272.4
272.5
272.6
272.7
272.8
272.9
273.0
273.2
273.2
273.3
273.4
273.5
273.6
273.7
273.8
273.9
273.9
274.0
274.1
274.1
274.2
274.3
274.3
274.4
274.4
274.5
274.5
274.5
274.6
274.6
274.6
274.7
274.7
274.7
274.7
274.8
274.8
274.8
274.8
274.8
274.8
274.8
274.8
274.8
274.8
274.8
274.8
274.7
274.7
274.7
274.7
274.6
274.6
274.6
274.5
274.5
274.4
274.4
274.3
274.3
274.2
274.2
274.1
274.0
274.0
273.9
273.8
273.7
273.6
273.5
273.5
273.4
273.3
273.2
273.1
273.0
272.8
272.7
272.6
272.5
272.4
272.3
272.1
272.0
271.9
271.8
271.6
271.5
271.3
271.2
271.1
270.9
270.8
270.6
270.5
270.3
270.2
270.0
269.8
269.7
269.5
269.4
269.2
269.0
268.8
268.7
268.5
268.3
268.1
268.0
267.8
267.6
267.4
267.3
267.1
266.9
266.7
266.5
266.4
266.2
266.0
265.8
265.6
265.4
265.3
265.1
264.9
264.7
264.5
264.3
264.1
264.0
263.8
263.6
263.4
263.2
263.0
262.8
262.6
262.4
262.2
262.1
261.9
261.7
261.5
261.3
261.1
260.9
260.7
260.5
260.3
260.1
259.9
259.8
259.6
259.4
259.2
259.0
258.8
258.6
258.5
258.3
258.1
257.9
257.7
257.6
257.4
257.2
257.0
256.9
256.7
256.5
256.4
256.2
256.0
255.9
255.7
255.6
255.4
255.3
255.1
255.0
254.8
254.7
254.5
254.4
254.2
254.1
254.0
253.8
253.7
253.6
253.4
253.3
253.2
253.1
253.0
252.8
252.7
252.6
252.5
252.4
252.3
252.2
252.1
252.0
252.0
251.9
251.8
251.7
251.6
251.6
251.5
251.4
251.4
251.3
251.2
251.2
251.1
251.1
251.0
251.0
250.9
250.9
250.9
250.8
250.8
250.8
250.7
250.7
250.7
250.7
250.7
250.6
250.6
250.6
250.6
250.6
250.6
250.6
250.7
250.7
250.7
250.7
250.7
250.8
250.8
250.8
250.9
250.9
250.9
251.0
251.0
251.1
251.1
251.2
251.3
251.3
251.4
251.5
251.5
251.6
251.7
251.8
251.8
251.9
252.0
252.1
252.2
252.3
252.4
252.5
252.6
252.7
252.8
252.9
253.0
253.1
253.3
253.4
253.5
253.6
253.7
253.8
254.0
254.1
254.2
254.4
254.5
254.6
254.8
254.9
255.0
255.2
255.3
255.4
255.6
255.7
255.9
256.0
256.2
256.3
256.4
256.6
256.7
256.9
257.0
257.2
257.3
257.5
257.7
257.8
258.0
258.1
258.3
258.4
258.6
258.8
258.9
259.1
259.2
259.4
259.6
259.7
259.9
260.1
260.2
260.4
260.6
260.7
260.9
261.1
261.3
261.4
261.6
261.8
261.9
262.1
262.3
262.5
262.6
262.8
263.0
263.2
263.3
263.5
263.7
263.8
264.0
264.2
264.4
264.5
264.7
264.9
265.0
265.2
265.4
265.5
265.7
265.9
266.0
266.2
266.3
266.5
266.7
266.8
267.0
267.1
267.3
267.4
267.6
267.8
267.9
268.1
268.2
268.3
268.5
268.6
268.8
268.9
269.1
269.2
269.3
269.5
269.6
269.7
269.9
270.0
270.1
270.3
270.4
270.5
270.6
270.8
270.9
271.0
271.1
271.2
271.3
271.5
271.6
271.7
271.8
271.9
272.0
272.1
272.2
272.3
272.4
272.5
272.6
272.7
272.8
272.8
272.9
273.0
273.1
273.2
273.2
273.3
273.4
273.4
273.5
273.6
273.6
273.7
273.7
273.8
273.8
273.8
273.9
273.9
274.0
274.0
274.0
274.0
274.0
274.1
274.1
274.1
274.1
274.1
274.1
274.1
274.1
274.1
274.1
274.1
274.0
274.0
274.0
274.0
273.9
273.9
273.9
273.8
273.8
273.7
273.7
273.6
273.6
273.5
273.5
273.4
273.3
273.3
273.2
273.1
273.0
273.0
272.9
272.8
272.7
272.6
272.5
272.4
272.3
272.2
272.1
272.0
271.9
271.8
271.7
271.6
271.5
271.4
271.3
271.1
271.0
270.9
270.8
270.6
270.5
270.4
270.2
270.1
269.9
269.8
269.6
269.5
269.3
269.2
269.0
268.8
268.7
268.5
268.3
268.2
268.0
267.8
267.7
267.5
267.3
267.2
267.0
266.8
266.6
266.4
266.3
266.1
265.9
265.7
265.5
265.3
265.1
265.0
264.8
264.6
264.4
264.2
264.0
263.8
263.7
263.5
263.3
263.1
262.9
262.7
262.5
262.3
262.2
262.0
261.8
261.6
261.4
261.2
261.1
260.9
260.7
260.5
260.3
260.1
260.0
259.8
259.6
259.4
259.3
259.1
258.9
258.8
258.6
258.4
258.3
258.1
257.9
257.8
257.6
257.4
257.3
257.1
257.0
256.8
256.6
256.5
256.3
256.2
256.0
255.9
255.7
255.6
255.4
255.3
255.1
255.0
254.8
254.7
254.6
254.4
254.3
254.1
254.0
253.9
253.7
253.6
253.5
253.4
253.2
253.1
253.0
252.9
252.8
252.6
252.5
252.4
252.3
252.2
252.1
252.0
251.9
251.8
251.8
251.7
251.6
251.5
251.4
251.3
251.3
251.2
251.1
251.1
251.0
251.0
250.9
250.9
250.8
250.8
250.7
250.7
250.7
250.6
250.6
250.6
250.5
250.5
250.5
250.5
250.5
250.5
250.5
250.5
250.5
250.5
250.5
250.5
250.5
250.5
250.5
250.5
250.6
250.6
250.6
250.7
250.7
250.7
250.8
250.8
250.9
250.9
251.0
251.0
251.1
251.2
251.2
251.3
251.4
251.4
251.5
251.6
251.7
251.8
251.9
252.0
252.1
252.1
252.3
252.4
252.5
252.6
252.7
252.8
252.9
253.0
253.2
253.3
253.4
253.5
253.7
253.8
254.0
254.1
254.3
254.4
254.6
254.7
254.9
255.0
255.2
255.3
255.5
255.7
255.8
256.0
256.2
256.4
256.5
256.7
256.9
257.1
257.3
257.4
257.6
257.8
258.0
258.2
258.4
258.6
258.8
259.0
259.2
259.4
259.6
259.8
260.0
260.2
260.4
260.6
260.8
261.0
261.2
261.4
261.6
261.8
262.0
262.2
262.4
262.6
262.8
263.0
263.2
263.4
263.6
263.8
264.0
264.2
264.4
264.5
264.7
264.9
265.1
265.3
265.5
265.7
265.9
266.1
266.3
266.5
266.6
266.8
267.0
267.2
267.4
267.6
267.7
267.9
268.1
268.3
268.4
268.6
268.8
268.9
269.1
269.3
269.4
269.6
269.7
269.9
270.1
270.2
270.4
270.5
270.7
270.8
270.9
271.1
271.2
271.3
271.5
271.6
271.7
271.8
272.0
272.1
272.2
272.3
272.4
272.5
272.6
272.7
272.8
272.9
273.0
273.1
273.1
273.2
273.3
273.4
273.5
273.5
273.6
273.7
273.7
273.8
273.8
273.9
273.9
274.0
274.0
274.1
274.1
274.1
274.2
274.2
274.2
274.2
274.3
274.3
274.3
274.3
274.3
274.3
274.3
274.3
274.3
274.3
274.3
274.3
274.3
274.3
274.2
274.2
274.2
274.2
274.1
274.1
274.1
274.1
274.0
274.0
273.9
273.9
273.8
273.8
273.7
273.7
273.6
273.5
273.5
273.4
273.3
273.3
273.2
273.1
273.0
272.9
272.8
272.8
272.7
272.6
272.5
272.4
272.3
272.2
272.1
272.0
271.8
271.7
271.6
271.5
271.4
271.2
271.1
271.0
270.9
270.7
270.6
270.5
270.3
270.2
270.0
269.9
269.7
269.6
269.4
269.3
269.1
268.9
268.8
268.6
268.4
268.3
268.1
267.9
267.8
267.6
267.4
267.3
267.1
266.9
266.7
266.6
266.4
266.2
266.0
265.8
265.7
265.5
265.3
265.1
264.9
264.8
264.6
264.4
264.2
264.0
263.8
263.7
263.5
263.3
263.1
262.9
262.7
262.6
262.4
262.2
262.0
261.8
261.6
261.5
261.3
261.1
260.9
260.7
260.5
260.4
260.2
260.0
259.8
259.6
259.5
259.3
259.1
258.9
258.8
258.6
258.4
258.3
258.1
257.9
257.8
257.6
257.4
257.3
257.1
256.9
256.8
256.6
256.5
256.3
256.2
256.0
255.9
255.7
255.6
255.4
255.3
255.1
255.0
254.9
254.7
254.6
254.5
254.3
254.2
254.1
254.0
253.8
253.7
253.6
253.5
253.4
253.3
253.2
253.1
252.9
252.9
252.8
252.7
252.6
252.5
252.4
252.3
252.2
252.2
252.1
252.0
251.9
251.9
251.8
251.8
251.7
251.6
251.6
251.5
251.5
251.4
251.4
251.4
251.3
251.3
251.3
251.2
251.2
251.2
251.1
251.1
251.1
251.1
251.1
251.1
251.1
251.1
251.1
251.1
251.1
251.1
251.1
251.1
251.1
251.1
251.1
251.2
251.2
251.2
251.2
251.3
251.3
251.4
251.4
251.4
251.5
251.5
251.6
251.6
251.7
251.7
251.8
251.9
251.9
252.0
252.1
252.1
252.2
252.3
252.4
252.4
252.5
252.6
252.7
252.8
252.9
253.0
253.1
253.2
253.3
253.4
253.5
253.6
253.7
253.8
253.9
254.0
254.1
254.3
254.4
254.5
254.6
254.7
254.9
255.0
255.1
255.3
255.4
255.5
255.6
255.8
255.9
256.1
256.2
256.3
256.5
256.6
256.8
256.9
257.1
257.2
257.4
257.5
257.7
257.8
258.0
258.1
258.3
258.5
258.6
258.8
258.9
259.1
259.3
259.4
259.6
259.8
259.9
260.1
260.3
260.5
260.6
260.8
261.0
261.2
261.3
261.5
261.7
261.9
262.1
262.2
262.4
262.6
262.8
263.0
263.1
263.3
263.5
263.7
263.9
264.1
264.2
264.4
264.6
264.8
265.0
265.1
265.3
265.5
265.7
265.9
266.1
266.2
266.4
266.6
266.8
266.9
267.1
267.3
267.5
267.6
267.8
268.0
268.1
268.3
268.5
268.6
268.8
269.0
269.1
269.3
269.4
269.6
269.8
269.9
270.1
270.2
270.4
270.5
270.6
270.8
270.9
271.1
271.2
271.3
271.5
271.6
271.7
271.8
272.0
272.1
272.2
272.3
272.4
272.5
272.6
272.7
272.9
272.9
273.1
273.1
273.2
273.3
273.4
273.5
273.6
273.7
273.7
273.8
273.9
274.0
274.0
274.1
274.1
274.2
274.3
274.3
274.3
274.4
274.4
274.5
274.5
274.5
274.6
274.6
274.6
274.6
274.6
274.6
274.6
274.6
274.6
274.6
274.6
274.6
274.6
274.6
274.6
274.5
274.5
274.5
274.5
274.4
274.4
274.3
274.3
274.2
274.2
274.1
274.1
274.0
273.9
273.9
273.8
273.7
273.6
273.6
273.5
273.4
273.3
273.2
273.1
273.0
272.9
272.8
272.7
272.6
272.5
272.4
272.3
272.1
272.0
271.9
271.8
271.6
271.5
271.4
271.3
271.1
271.0
270.8
270.7
270.6
270.4
270.2
270.1
269.9
269.8
269.6
269.5
269.3
269.1
269.0
268.8
268.6
268.5
268.3
268.1
267.9
267.8
267.6
267.4
267.2
267.0
266.8
266.7
266.5
266.3
266.1
265.9
265.7
265.5
265.4
265.2
265.0
264.8
264.6
264.4
264.2
264.0
263.8
263.6
263.4
263.3
263.1
262.9
262.7
262.5
262.3
262.1
261.9
261.7
261.5
261.3
261.1
260.9
260.7
260.6
260.4
260.2
260.0
259.8
259.6
259.4
259.3
259.1
258.9
258.7
258.5
258.4
258.2
258.0
257.8
257.7
257.5
257.3
257.2
257.0
256.8
256.7
256.5
256.3
256.2
256.0
255.8
255.7
255.5
255.4
255.2
255.1
254.9
254.8
254.6
254.5
254.3
254.2
254.0
253.9
253.8
253.6
253.5
253.4
253.2
253.1
253.0
252.8
252.7
252.6
252.5
252.4
252.3
252.2
252.1
252.0
251.9
251.8
251.7
251.6
251.5
251.4
251.3
251.2
251.2
251.1
251.0
251.0
250.9
250.8
250.8
250.7
250.7
250.6
250.6
250.5
250.5
250.5
250.4
250.4
250.4
250.4
250.3
250.3
250.3
250.3
250.3
250.3
250.3
250.3
250.3
250.3
250.3
250.3
250.4
250.4
250.4
250.5
250.5
250.5
250.6
250.6
250.7
250.7
250.8
250.8
250.9
250.9
251.0
251.1
251.2
251.2
251.3
251.4
251.5
251.6
251.7
251.7
251.8
251.9
252.0
252.1
252.2
252.3
252.5
252.6
252.7
252.8
252.9
253.0
253.2
253.3
253.4
253.6
253.7
253.8
254.0
254.1
254.3
254.4
254.6
254.7
254.9
255.0
255.2
255.3
255.5
255.6
255.8
256.0
256.1
256.3
256.5
256.7
256.8
257.0
257.2
257.4
257.5
257.7
257.9
258.1
258.2
258.4
258.6
258.8
259.0
259.2
259.4
259.5
259.7
259.9
260.1
260.3
260.5
260.7
260.9
261.0
261.2
261.4
261.6
261.8
262.0
262.2
262.4
262.5
262.7
262.9
263.1
263.3
263.5
263.7
263.8
264.0
264.2
264.4
264.6
264.7
264.9
265.1
265.3
265.5
265.6
265.8
266.0
266.1
266.3
266.5
266.7
266.8
267.0
267.1
267.3
267.5
267.6
267.8
268.0
268.1
268.3
268.4
268.6
268.7
268.9
269.0
269.2
269.3
269.4
269.6
269.7
269.9
270.0
270.1
270.3
270.4
270.5
270.6
270.8
270.9
271.0
271.1
271.2
271.3
271.4
271.6
271.7
271.8
271.9
272.0
272.1
272.2
272.2
272.3
272.4
272.5
272.6
272.7
272.7
272.8
272.9
273.0
273.0
273.1
273.2
273.2
273.3
273.3
273.4
273.4
273.5
273.5
273.6
273.6
273.6
273.7
273.7
273.7
273.8
273.8
273.8
273.8
273.8
273.9
273.9
273.9
273.9
273.9
273.9
273.9
273.9
273.9
273.9
273.8
273.8
273.8
273.8
273.8
273.7
273.7
273.7
273.6
273.6
273.6
273.5
273.5
273.4
273.4
273.3
273.3
273.2
273.2
273.1
273.0
273.0
272.9
272.8
272.7
272.7
272.6
272.5
272.4
272.3
272.2
272.1
272.0
271.9
271.8
271.7
271.6
271.5
271.4
271.3
271.2
271.1
270.9
270.8
270.7
270.6
270.4
270.3
270.2
270.0
269.9
269.7
269.6
269.4
269.3
269.1
269.0
268.8
268.7
268.5
268.4
268.2
268.0
267.9
267.7
267.5
267.4
267.2
267.0
266.8
266.7
266.5
266.3
266.1
266.0
265.8
265.6
265.4
265.3
265.1
264.9
264.7
264.5
264.4
264.2
264.0
263.8
263.6
263.5
263.3
263.1
262.9
262.7
262.6
262.4
262.2
262.0
261.8
261.7
261.5
261.3
261.1
260.9
260.8
260.6
260.4
260.2
260.1
259.9
259.7
259.5
259.4
259.2
259.0
258.9
258.7
258.5
258.4
258.2
258.0
257.9
257.7
257.6
257.4
257.2
257.1
256.9
256.8
256.6
256.5
256.3
256.2
256.0
255.9
255.7
255.6
255.5
255.3
255.2
255.1
254.9
254.8
254.7
254.5
254.4
254.3
254.1
254.0
253.9
253.8
253.7
253.5
253.4
253.3
253.2
253.1
253.0
252.9
252.8
252.7
252.6
252.5
252.4
252.4
252.3
252.2
252.1
252.0
252.0
251.9
251.8
251.8
251.7
251.7
251.6
251.5
251.5
251.4
251.4
251.3
251.3
251.3
251.2
251.2
251.2
251.1
251.1
251.1
251.1
251.0
251.0
251.0
251.0
251.0
251.0
251.0
251.0
251.0
251.0
251.0
251.0
251.0
251.0
251.0
251.0
251.1
251.1
251.1
251.1
251.2
251.2
251.3
251.3
251.3
251.4
251.4
251.5
251.5
251.6
251.7
251.7
251.8
251.8
251.9
252.0
252.1
252.1
252.2
252.3
252.4
252.5
252.6
252.7
252.8
252.8
252.9
253.0
253.2
253.3
253.4
253.5
253.6
253.7
253.8
254.0
254.1
254.2
254.3
254.5
254.6
254.7
254.9
255.0
255.1
255.3
255.4
255.6
255.7
255.9
256.0
256.2
256.3
256.5
256.7
256.8
257.0
257.1
257.3
257.5
257.7
257.8
258.0
258.2
258.3
258.5
258.7
258.9
259.1
259.2
259.4
259.6
259.8
260.0
260.2
260.4
260.5
260.7
260.9
261.1
261.3
261.5
261.7
261.9
262.1
262.3
262.5
262.7
262.9
263.1
263.3
263.5
263.7
263.9
264.1
264.3
264.5
264.7
264.8
265.0
265.2
265.4
265.6
265.8
266.0
266.2
266.4
266.6
266.8
267.0
267.2
267.3
267.5
267.7
267.9
268.1
268.3
268.4
268.6
268.8
269.0
269.1
269.3
269.5
269.6
269.8
270.0
270.1
270.3
270.4
270.6
270.7
270.9
271.0
271.2
271.3
271.5
271.6
271.7
271.9
272.0
272.1
272.2
272.4
272.5
272.6
272.7
272.8
272.9
273.0
273.1
273.2
273.3
273.4
273.5
273.6
273.7
273.8
273.8
273.9
274.0
274.1
274.1
274.2
274.2
274.3
274.4
274.4
274.5
274.5
274.5
274.6
274.6
274.7
274.7
274.7
274.7
274.7
274.8
274.8
274.8
274.8
274.8
274.8
274.8
274.8
274.8
274.7
274.7
274.7
274.7
274.7
274.6
274.6
274.6
274.5
274.5
274.4
274.4
274.3
274.3
274.2
274.1
274.1
274.0
273.9
273.9
273.8
273.7
273.6
273.5
273.5
273.4
273.3
273.2
273.1
273.0
272.9
272.8
272.7
272.6
272.4
272.3
272.2
272.1
272.0
271.8
271.7
271.6
271.5
271.3
271.2
271.0
270.9
270.8
270.6
270.5
270.3
270.2
270.0
269.9
269.7
269.5
269.4
269.2
269.0
268.9
268.7
268.5
268.4
268.2
268.0
267.8
267.7
267.5
267.3
267.1
266.9
266.7
266.6
266.4
266.2
266.0
265.8
265.6
265.4
265.3
265.1
264.9
264.7
264.5
264.3
264.1
263.9
263.7
263.5
263.3
263.2
263.0
262.8
262.6
262.4
262.2
262.0
261.8
261.6
261.4
261.2
261.0
260.9
260.7
260.5
260.3
260.1
259.9
259.7
259.5
259.3
259.2
259.0
258.8
258.6
258.4
258.3
258.1
257.9
257.7
257.6
257.4
257.2
257.1
256.9
256.7
256.6
256.4
256.2
256.1
255.9
255.8
255.6
255.5
255.3
255.2
255.0
254.9
254.7
254.6
254.4
254.3
254.1
254.0
253.9
253.7
253.6
253.5
253.3
253.2
253.1
253.0
252.9
252.7
252.6
252.5
252.4
252.3
252.2
252.1
252.0
251.9
251.8
251.8
251.7
251.6
251.5
251.4
251.4
251.3
251.2
251.2
251.1
251.1
251.0
251.0
250.9
250.9
250.8
250.8
250.8
250.7
250.7
250.7
250.6
250.6
250.6
250.6
250.6
250.6
250.6
250.6
250.6
250.6
250.6
250.6
250.6
250.6
250.7
250.7
250.7
250.8
250.8
250.8
250.9
250.9
250.9
251.0
251.0
251.1
251.2
251.2
251.3
251.4
251.4
251.5
251.6
251.6
251.7
251.8
251.9
252.0
252.0
252.1
252.2
252.3
252.4
252.5
252.6
252.7
252.8
253.0
253.1
253.2
253.3
253.4
253.5
253.7
253.8
253.9
254.0
254.2
254.3
254.4
254.5
254.7
254.8
255.0
255.1
255.2
255.4
255.5
255.7
255.8
256.0
256.1
256.3
256.4
256.6
256.7
256.9
257.1
257.2
257.4
257.5
257.7
257.9
258.0
258.2
258.4
258.5
258.7
258.9
259.0
259.2
259.4
259.5
259.7
259.9
260.0
260.2
260.4
260.6
260.7
260.9
261.1
261.3
261.4
261.6
261.8
261.9
262.1
262.3
262.5
262.6
262.8
263.0
263.2
263.3
263.5
263.7
263.9
264.0
264.2
264.4
264.5
264.7
264.9
265.1
265.2
265.4
265.6
265.7
265.9
266.0
266.2
266.4
266.5
266.7
266.9
267.0
267.2
267.3
267.5
267.6
267.8
268.0
268.1
268.3
268.4
268.6
268.7
268.9
269.0
269.1
269.3
269.4
269.6
269.7
269.8
270.0
270.1
270.2
270.4
270.5
270.6
270.7
270.9
271.0
271.1
271.2
271.3
271.4
271.6
271.7
271.8
271.9
272.0
272.1
272.2
272.3
272.4
272.5
272.5
272.6
272.7
272.8
272.9
273.0
273.0
273.1
273.2
273.2
273.3
273.4
273.4
273.5
273.5
273.6
273.6
273.7
273.7
273.8
273.8
273.9
273.9
273.9
273.9
274.0
274.0
274.0
274.0
274.0
274.0
274.0
274.0
274.0
274.0
274.0
274.0
274.0
274.0
274.0
274.0
273.9
273.9
273.9
273.9
273.8
273.8
273.7
273.7
273.7
273.6
273.6
273.5
273.4
273.4
273.3
273.2
273.2
273.1
273.0
273.0
272.9
272.8
272.7
272.6
272.5
272.4
272.3
272.2
272.1
272.0
271.9
271.8
271.7
271.6
271.5
271.4
271.2
271.1
271.0
270.9
270.7
270.6
270.5
270.3
270.2
270.0
269.9
269.7
269.6
269.4
269.3
269.1
268.9
268.8
268.6
268.5
268.3
268.1
268.0
267.8
267.6
267.4
267.3
267.1
266.9
266.7
266.6
266.4
266.2
266.0
265.9
265.7
265.5
265.3
265.1
264.9
264.8
264.6
264.4
264.2
264.0
263.8
263.7
263.5
263.3
263.1
262.9
262.7
262.6
262.4
262.2
262.0
261.8
261.6
261.5
261.3
261.1
260.9
260.7
260.5
260.4
260.2
260.0
259.8
259.6
259.5
259.3
259.1
259.0
258.8
258.6
258.4
258.3
258.1
257.9
257.8
257.6
257.5
257.3
257.1
257.0
256.8
256.7
256.5
256.3
256.2
256.0
255.9
255.7
255.6
255.4
255.3
255.1
255.0
254.9
254.7
254.6
254.4
254.3
254.2
254.0
253.9
253.8
253.6
253.5
253.4
253.3
253.2
253.0
252.9
252.8
252.7
252.6
252.5
252.4
252.3
252.2
252.1
252.0
251.9
251.8
251.8
251.7
251.6
251.5
251.5
251.4
251.3
251.3
251.2
251.1
251.1
251.0
251.0
250.9
250.9
250.8
250.8
250.8
250.7
250.7
250.7
250.7
250.6
250.6
250.6
250.6
250.6
250.6
250.6
250.6
250.6
250.6
250.6
250.6
250.6
250.6
250.6
250.6
250.7
250.7
250.7
250.8
250.8
250.8
250.9
250.9
251.0
251.0
251.1
251.2
251.2
251.3
251.4
251.4
251.5
251.6
251.7
251.7
251.8
251.9
252.0
252.1
252.2
252.3
252.4
252.5
252.6
252.7
252.8
252.9
253.1
253.2
253.3
253.4
253.6
253.7
253.8
254.0
254.1
254.2
254.4
254.5
254.7
254.8
255.0
255.1
255.3
255.4
255.6
255.8
255.9
256.1
256.3
256.4
256.6
256.8
257.0
257.1
257.3
257.5
257.7
257.9
258.1
258.2
258.4
258.6
258.8
259.0
259.2
259.4
259.6
259.8
260.0
260.1
260.3
260.5
260.7
260.9
261.1
261.3
261.5
261.7
261.9
262.1
262.3
262.5
262.7
262.9
263.1
263.3
263.5
263.7
263.9
264.1
264.3
264.5
264.7
264.9
265.1
265.3
265.5
265.7
265.9
266.1
266.3
266.4
266.6
266.8
267.0
267.2
267.4
267.5
267.7
267.9
268.1
268.3
268.4
268.6
268.8
268.9
269.1
269.3
269.4
269.6
269.7
269.9
270.0
270.2
270.3
270.5
270.6
270.8
270.9
271.1
271.2
271.3
271.5
271.6
271.7
271.8
271.9
272.1
272.2
272.3
272.4
272.5
272.6
272.7
272.8
272.9
273.0
273.1
273.2
273.2
273.3
273.4
273.5
273.5
273.6
273.7
273.7
273.8
273.9
273.9
274.0
274.0
274.1
274.1
274.2
274.2
274.2
274.3
274.3
274.3
274.3
274.4
274.4
274.4
274.4
274.4
274.4
274.4
274.4
274.4
274.4
274.4
274.4
274.4
274.4
274.3
274.3
274.3
274.2
274.2
274.2
274.1
274.1
274.1
274.0
274.0
273.9
273.9
273.8
273.7
273.7
273.6
273.5
273.5
273.4
273.3
273.2
273.2
273.1
273.0
272.9
272.8
272.7
272.6
272.5
272.4
272.3
272.2
272.1
272.0
271.9
271.7
271.6
271.5
271.4
271.3
271.1
271.0
270.9
270.7
270.6
270.5
270.3
270.2
270.0
269.9
269.7
269.6
269.4
269.3
269.1
269.0
268.8
268.6
268.5
268.3
268.1
268.0
267.8
267.6
267.4
267.3
267.1
266.9
266.7
266.6
266.4
266.2
266.0
265.8
265.7
265.5
265.3
265.1
264.9
264.7
264.6
264.4
264.2
264.0
263.8
263.6
263.4
263.3
263.1
262.9
262.7
262.5
262.3
262.1
261.9
261.8
261.6
261.4
261.2
261.0
260.8
260.6
260.5
260.3
260.1
259.9
259.7
259.6
259.4
259.2
259.0
258.8
258.7
258.5
258.3
258.2
258.0
257.8
257.7
257.5
257.3
257.2
257.0
256.8
256.7
256.5
256.4
256.2
256.1
255.9
255.8
255.6
255.5
255.3
255.2
255.1
254.9
254.8
254.6
254.5
254.4
254.2
254.1
254.0
253.9
253.7
253.6
253.5
253.4
253.3
253.2
253.1
252.9
252.8
252.7
252.6
252.6
252.5
252.4
252.3
252.2
252.1
252.0
252.0
251.9
251.8
251.7
251.7
251.6
251.6
251.5
251.4
251.4
251.3
251.3
251.3
251.2
251.2
251.2
251.1
251.1
251.1
251.0
251.0
251.0
251.0
251.0
251.0
251.0
251.0
251.0
251.0
251.0
251.0
251.0
251.0
251.0
251.0
251.0
251.1
251.1
251.1
251.2
251.2
251.2
251.3
251.3
251.3
251.4
251.4
251.5
251.5
251.6
251.7
251.7
251.8
251.9
251.9
252.0
252.1
252.1
252.2
252.3
252.4
252.5
252.5
252.6
252.7
252.8
252.9
253.0
253.1
253.2
253.3
253.4
253.5
253.6
253.7
253.9
254.0
254.1
254.2
254.3
254.5
254.6
254.7
254.8
255.0
255.1
255.2
255.4
255.5
255.6
255.8
255.9
256.0
256.2
256.3
256.5
256.6
256.8
256.9
257.1
257.2
257.4
257.5
257.7
257.9
258.0
258.2
258.3
258.5
258.7
258.8
259.0
259.2
259.3
259.5
259.7
259.8
260.0
260.2
260.4
260.5
260.7
260.9
261.0
261.2
261.4
261.6
261.8
261.9
262.1
262.3
262.5
262.6
262.8
263.0
263.2
263.4
263.5
263.7
263.9
264.1
264.3
264.4
264.6
264.8
265.0
265.2
265.3
265.5
265.7
265.9
266.0
266.2
266.4
266.6
266.7
266.9
267.1
267.3
267.4
267.6
267.8
267.9
268.1
268.3
268.4
268.6
268.7
268.9
269.1
269.2
269.4
269.5
269.7
269.8
270.0
270.1
270.3
270.4
270.6
270.7
270.8
271.0
271.1
271.2
271.4
271.5
271.6
271.7
271.9
272.0
272.1
272.2
272.3
272.4
272.5
272.6
272.7
272.9
272.9
273.0
273.1
273.2
273.3
273.4
273.5
273.6
273.6
273.7
273.8
273.8
273.9
274.0
274.0
274.1
274.1
274.2
274.2
274.3
274.3
274.3
274.4
274.4
274.4
274.4
274.5
274.5
274.5
274.5
274.5
274.5
274.5
274.5
274.5
274.5
274.5
274.5
274.4
274.4
274.4
274.4
274.3
274.3
274.3
274.2
274.2
274.1
274.1
274.0
274.0
273.9
273.9
273.8
273.7
273.7
273.6
273.5
273.4
273.3
273.2
273.2
273.1
273.0
272.9
272.8
272.7
272.6
272.5
272.4
272.2
272.1
272.0
271.9
271.8
271.6
271.5
271.4
271.3
271.1
271.0
270.9
270.7
270.6
270.4
270.3
270.1
270.0
269.8
269.7
269.5
269.3
269.1
269.0
268.8
268.7
268.5
268.3
268.1
268.0
267.8
267.6
267.4
267.3
267.1
266.9
266.7
266.5
266.3
266.2
266.0
265.8
265.6
265.4
265.2
265.0
264.8
264.7
264.5
264.3
264.1
263.9
263.7
263.5
263.3
263.1
263.0
262.8
262.6
262.4
262.2
262.0
261.8
261.6
261.4
261.2
261.1
260.9
260.7
260.5
260.3
260.1
259.9
259.7
259.6
259.4
259.2
259.0
258.8
258.7
258.5
258.3
258.1
258.0
257.8
257.6
257.5
257.3
257.1
257.0
256.8
256.6
256.5
256.3
256.1
256.0
255.8
255.7
255.5
255.4
255.2
255.1
254.9
254.8
254.6
254.5
254.3
254.2
254.0
253.9
253.8
253.6
253.5
253.4
253.2
253.1
253.0
252.9
252.7
252.6
252.5
252.4
252.3
252.2
252.1
252.0
251.9
251.8
251.7
251.6
251.5
251.4
251.4
251.3
251.2
251.1
251.1
251.0
251.0
250.9
250.8
250.8
250.7
250.7
250.7
250.6
250.6
250.5
250.5
250.5
250.5
250.4
250.4
250.4
250.4
250.4
250.4
250.4
250.4
250.4
250.4
250.4
250.4
250.4
250.4
250.5
250.5
250.5
250.6
250.6
250.6
250.7
250.7
250.8
250.8
250.9
250.9
251.0
251.1
251.1
251.2
251.3
251.3
251.4
251.5
251.6
251.7
251.8
251.9
251.9
252.0
252.1
252.3
252.4
252.5
252.6
252.7
252.8
252.9
253.1
253.2
253.3
253.4
253.6
253.7
253.8
254.0
254.1
254.3
254.4
254.6
254.7
254.9
255.0
255.2
255.3
255.5
255.6
255.8
256.0
256.1
256.3
256.5
256.6
256.8
257.0
257.2
257.3
257.5
257.7
257.9
258.1
258.2
258.4
258.6
258.8
259.0
259.1
259.3
259.5
259.7
259.9
260.1
260.3
260.5
260.7
260.8
261.0
261.2
261.4
261.6
261.8
262.0
262.2
262.4
262.5
262.7
262.9
263.1
263.3
263.5
263.7
263.9
264.0
264.2
264.4
264.6
264.8
265.0
265.1
265.3
265.5
265.7
265.9
266.0
266.2
266.4
266.6
266.7
266.9
267.1
267.2
267.4
267.6
267.7
267.9
268.1
268.2
268.4
268.5
268.7
268.8
269.0
269.1
269.3
269.4
269.6
269.7
269.9
270.0
270.1
270.3
270.4
270.5
270.7
270.8
270.9
271.0
271.1
271.3
271.4
271.5
271.6
271.7
271.8
271.9
272.0
272.1
272.2
272.3
272.4
272.5
272.6
272.7
272.7
272.8
272.9
273.0
273.0
273.1
273.2
273.2
273.3
273.4
273.4
273.5
273.5
273.6
273.6
273.7
273.7
273.7
273.8
273.8
273.8
273.9
273.9
273.9
273.9
274.0
274.0
274.0
274.0
274.0
274.0
274.0
274.0
274.0
274.0
274.0
274.0
274.0
273.9
273.9
273.9
273.9
273.8
273.8
273.8
273.7
273.7
273.6
273.6
273.5
273.5
273.4
273.4
273.3
273.3
273.2
273.1
273.1
273.0
272.9
272.8
272.8
272.7
272.6
272.5
272.4
272.3
272.2
272.1
272.0
271.9
271.8
271.7
271.6
271.5
271.4
271.2
271.1
271.0
270.9
270.8
270.6
270.5
270.4
270.2
270.1
270.0
269.8
269.7
269.5
269.4
269.2
269.1
268.9
268.7
268.6
268.4
268.3
268.1
267.9
267.8
267.6
267.4
267.3
267.1
266.9
266.7
266.6
266.4
266.2
266.0
265.9
265.7
265.5
265.3
265.2
265.0
264.8
264.6
264.4
264.2
264.1
263.9
263.7
263.5
263.3
263.1
263.0
262.8
262.6
262.4
262.2
262.1
261.9
261.7
261.5
261.3
261.1
261.0
260.8
260.6
260.4
260.2
260.1
259.9
259.7
259.5
259.4
259.2
259.0
258.9
258.7
258.5
258.4
258.2
258.0
257.9
257.7
257.5
257.4
257.2
257.1
256.9
256.8
256.6
256.5
256.3
256.2
256.0
255.9
255.7
255.6
255.4
255.3
255.2
255.0
254.9
254.8
254.6
254.5
254.4
254.2
254.1
254.0
253.9
253.8
253.6
253.5
253.4
253.3
253.2
253.1
253.0
252.9
252.8
252.7
252.6
252.5
252.4
252.3
252.2
252.2
252.1
252.0
251.9
251.9
251.8
251.7
251.7
251.6
251.6
251.5
251.5
251.4
251.4
251.3
251.3
251.2
251.2
251.2
251.1
251.1
251.1
251.0
251.0
251.0
251.0
251.0
251.0
251.0
251.0
251.0
251.0
251.0
251.0
251.0
251.0
251.0
251.0
251.0
251.1
251.1
251.1
251.1
251.2
251.2
251.2
251.3
251.3
251.4
251.4
251.5
251.5
251.6
251.6
251.7
251.8
251.8
251.9
252.0
252.0
252.1
252.2
252.3
252.4
252.4
252.5
252.6
252.7
252.8
252.9
253.0
253.1
253.2
253.3
253.4
253.5
253.6
253.8
253.9
254.0
254.1
254.2
254.4
254.5
254.6
254.8
254.9
255.0
255.2
255.3
255.5
255.6
255.8
255.9
256.1
256.2
256.4
256.5
256.7
256.8
257.0
257.2
257.3
257.5
257.7
257.8
258.0
258.2
258.3
258.5
258.7
258.9
259.0
259.2
259.4
259.6
