691.9
691.4
690.9
690.5
690.1
689.6
689.3
688.9
688.6
688.2
687.9
687.6
687.4
687.1
686.9
686.7
686.6
686.4
686.3
686.2
686.1
686.0
686.1
686.0
686.1
686.1
686.2
686.2
686.4
686.4
686.6
686.7
686.9
687.1
687.3
687.4
687.7
687.9
688.1
688.4
688.7
688.9
689.2
689.5
689.9
690.2
690.6
691.0
691.4
691.8
692.2
692.7
693.2
693.6
694.1
694.6
695.2
695.7
696.3
696.8
697.4
697.9
698.5
699.1
699.7
700.3
700.9
701.5
702.1
702.7
703.4
704.0
704.6
705.2
705.8
706.5
707.1
707.7
708.4
709.0
709.6
710.2
710.8
711.5
712.1
712.7
713.3
713.9
714.5
715.1
715.6
716.2
716.8
717.4
718.0
718.6
719.1
719.7
720.3
720.9
721.4
722.0
722.6
723.1
723.7
724.2
724.8
725.3
725.8
726.3
726.8
727.3
727.7
728.1
728.5
728.9
729.3
729.6
729.9
730.2
730.5
730.7
730.9
731.2
731.3
731.5
731.6
731.8
731.9
732.0
732.0
732.1
732.1
732.2
732.2
732.2
732.2
732.2
732.1
732.1
732.0
732.0
731.9
731.9
731.8
731.7
731.6
731.6
731.5
731.4
731.4
731.3
731.2
731.2
731.1
731.1
731.0
731.0
731.0
731.0
730.9
730.9
730.9
730.9
730.8
730.8
730.8
730.8
730.7
730.7
730.6
730.6
730.5
730.4
730.3
730.2
730.1
730.0
729.8
729.7
729.6
729.4
729.2
729.1
728.9
728.7
728.5
728.3
728.1
727.9
727.7
727.5
727.3
727.1
726.9
726.7
726.4
726.2
726.0
725.8
725.6
725.4
725.2
725.0
724.8
724.6
724.5
724.3
724.2
724.0
723.9
723.7
723.6
723.5
723.4
723.3
723.3
723.2
723.1
723.1
723.0
723.0
723.0
722.9
722.9
722.9
722.9
722.9
722.9
723.0
723.0
723.1
723.1
723.2
723.3
723.4
723.5
723.6
723.8
723.9
724.1
724.3
724.5
724.7
724.9
725.2
725.4
725.7
725.9
726.2
726.5
726.8
727.1
727.4
727.7
728.1
728.4
728.8
729.1
729.5
729.9
730.3
730.7
731.1
731.5
731.9
732.4
732.8
733.2
733.7
734.2
734.6
735.1
735.6
736.1
736.6
737.1
737.6
738.1
738.6
739.1
739.7
740.2
740.7
741.3
741.8
742.4
742.9
743.5
744.0
744.6
745.1
745.7
746.3
746.8
747.4
747.9
748.5
749.1
749.6
750.2
750.7
751.2
751.8
752.3
752.8
753.3
753.8
754.3
754.8
755.3
755.8
756.2
756.7
757.2
757.6
758.1
758.5
758.9
759.4
759.8
760.2
760.6
761.1
761.5
761.9
762.3
762.7
763.1
763.5
763.9
764.3
764.7
765.1
765.5
765.9
766.3
766.7
767.1
767.5
767.9
768.3
768.7
769.1
769.5
770.0
770.4
770.8
771.2
771.6
771.9
772.3
772.7
773.1
773.5
773.8
774.1
774.5
774.8
775.1
775.4
775.6
775.9
776.1
776.3
776.5
776.7
776.9
777.0
777.2
777.3
777.4
777.5
777.6
777.6
777.7
777.7
777.8
777.8
777.8
777.8
777.7
777.7
777.7
777.6
777.6
777.5
777.4
777.4
777.3
777.2
777.1
777.0
776.9
776.8
776.7
776.6
776.5
776.4
776.3
776.2
776.1
776.0
775.9
775.8
775.7
775.6
775.4
775.3
775.2
775.1
775.0
774.9
774.7
774.6
774.5
774.3
774.2
774.1
774.0
773.8
773.7
773.6
773.4
773.3
773.2
773.0
772.9
772.7
772.6
772.5
772.3
772.2
772.1
771.9
771.8
771.6
771.5
771.4
771.2
771.1
770.9
770.8
770.7
770.5
770.4
770.3
770.1
770.0
769.9
769.7
769.6
769.5
769.4
769.3
769.1
769.0
768.9
768.8
768.7
768.6
768.5
768.5
768.4
768.3
768.2
768.1
768.1
768.0
767.9
767.8
767.8
767.7
767.6
767.6
767.5
767.5
767.4
767.4
767.3
767.3
767.2
767.2
767.1
767.1
767.1
767.0
767.0
767.0
767.0
767.0
766.9
766.9
766.9
766.9
766.9
766.9
766.8
766.9
766.8
766.9
766.9
766.9
766.9
766.9
766.9
767.0
767.0
767.0
767.1
767.1
767.2
767.2
767.3
767.4
767.4
767.5
767.6
767.7
767.8
767.9
768.0
768.1
768.3
768.4
768.5
768.7
768.8
769.0
769.2
769.3
769.5
769.7
769.9
770.0
770.2
770.4
770.6
770.8
771.0
771.2
771.3
771.5
771.7
771.9
772.0
772.2
772.3
772.4
772.6
772.7
772.8
772.9
773.0
773.1
773.2
773.2
773.3
773.4
773.4
773.4
773.5
773.5
773.5
773.5
773.5
773.5
773.5
773.5
773.5
773.5
773.4
773.4
773.4
773.3
773.3
773.3
773.2
773.2
773.2
773.1
773.1
773.1
773.1
773.0
773.0
773.0
773.0
772.9
772.9
772.9
772.9
772.9
772.8
772.8
772.8
772.8
772.8
772.7
772.7
772.7
772.6
772.6
772.6
772.5
772.5
772.4
772.4
772.3
772.3
772.2
772.1
772.1
772.0
771.9
771.8
771.7
771.6
771.5
771.4
771.3
771.2
771.1
771.0
770.8
770.7
770.6
770.4
770.3
770.2
770.0
769.9
769.7
769.5
769.4
769.2
769.1
768.9
768.7
768.6
768.4
768.3
768.1
767.9
767.8
767.6
767.4
767.3
767.1
766.9
766.8
766.6
766.4
766.2
766.1
765.9
765.7
765.5
765.3
765.1
765.0
764.8
764.6
764.4
764.2
764.0
763.8
763.6
763.5
763.3
763.1
762.9
762.7
762.5
762.3
762.1
762.0
761.8
761.6
761.4
761.2
761.1
760.9
760.7
760.6
760.4
760.2
760.1
759.9
759.7
759.6
759.5
759.3
759.2
759.1
758.9
758.8
758.7
758.6
758.5
758.4
758.3
758.2
758.1
758.0
758.0
757.9
757.8
757.8
757.7
757.7
757.6
757.6
757.5
757.5
757.5
757.5
757.4
757.4
757.4
757.4
757.4
757.4
757.4
757.4
757.4
757.4
757.4
757.4
757.3
757.3
757.3
757.3
757.3
757.3
757.3
757.3
757.2
757.2
757.2
757.1
757.1
757.1
757.0
757.0
756.9
756.9
756.8
756.8
756.7
756.7
756.6
756.6
756.5
756.5
756.4
756.4
756.3
756.3
756.2
756.2
756.2
756.1
756.1
756.1
756.1
756.1
756.0
756.0
756.0
756.0
756.0
756.1
756.1
756.1
756.1
756.2
756.2
756.3
756.3
756.4
756.4
756.5
756.5
756.6
756.6
756.7
756.8
756.8
756.9
756.9
757.0
757.1
757.1
757.2
757.2
757.3
757.3
757.4
757.4
757.4
757.5
757.5
757.5
757.5
757.6
757.6
757.6
757.6
757.6
757.6
757.6
757.6
757.6
757.6
757.6
757.6
757.6
757.6
757.6
757.6
757.5
757.5
757.5
757.5
757.5
757.5
757.5
757.4
757.4
757.4
757.4
757.4
757.4
757.3
757.3
757.3
757.3
757.3
757.2
757.2
757.2
757.1
757.1
757.1
757.1
757.0
757.0
756.9
756.9
756.9
756.8
756.8
756.7
756.7
756.6
756.6
756.5
756.5
756.4
756.4
756.3
756.3
756.2
756.2
756.1
756.1
756.0
756.0
755.9
755.9
755.8
755.8
755.8
755.7
755.7
755.6
755.6
755.6
755.6
755.5
755.5
755.5
755.5
755.5
755.4
755.4
755.4
755.4
755.4
755.4
755.4
755.4
755.4
755.5
755.5
755.5
755.5
755.5
755.5
755.5
755.5
755.6
755.6
755.6
755.6
755.6
755.6
755.7
755.7
755.7
755.7
755.7
755.7
755.7
755.7
755.7
755.7
755.7
755.7
755.7
755.7
755.7
755.7
755.7
755.6
755.6
755.6
755.6
755.5
755.5
755.5
755.5
755.4
755.4
755.4
755.4
755.3
755.3
755.3
755.3
755.3
755.3
755.2
755.2
755.2
755.2
755.2
755.2
755.2
755.3
755.3
755.3
755.3
755.4
755.4
755.4
755.5
755.5
755.6
755.6
755.7
755.8
755.8
755.9
756.0
756.1
756.1
756.2
756.3
756.4
756.5
756.5
756.6
756.7
756.8
756.8
756.9
757.0
757.1
757.1
757.2
757.3
757.3
757.4
757.4
757.5
757.5
757.6
757.6
757.7
757.7
757.7
757.8
757.8
757.8
757.8
757.8
757.9
757.9
757.9
757.9
757.9
757.9
757.9
758.0
758.0
758.0
758.0
758.0
758.0
758.0
758.0
758.0
758.0
758.1
758.1
758.1
758.1
758.1
758.1
758.1
758.1
758.1
758.1
758.1
758.1
758.2
758.2
758.2
758.2
758.2
758.2
758.2
758.2
758.2
758.2
758.2
758.2
758.2
758.2
758.2
758.2
758.2
758.2
758.2
758.2
758.2
758.2
758.1
758.1
758.1
758.1
758.1
758.1
758.1
758.1
758.1
758.1
758.1
758.1
758.1
758.1
758.1
758.1
758.1
758.1
758.2
758.2
758.2
758.2
758.2
758.2
758.2
758.3
758.3
758.3
758.3
758.3
758.4
758.4
758.4
758.5
758.5
758.5
758.5
758.6
758.6
758.6
758.6
758.7
758.7
758.7
758.7
758.7
758.7
758.7
758.7
758.7
758.7
758.7
758.7
758.7
758.7
758.7
758.7
758.7
758.7
758.7
758.7
758.6
758.6
758.6
758.6
758.6
758.5
758.5
758.5
758.5
758.4
758.4
758.4
758.4
758.4
758.4
758.4
758.4
758.4
758.4
758.4
758.4
758.4
758.4
758.4
758.4
758.5
758.5
758.5
758.6
758.6
758.6
758.7
758.7
758.8
758.9
758.9
759.0
759.0
759.1
759.2
759.2
759.3
759.4
759.5
759.5
759.6
759.7
759.8
759.8
759.9
760.0
760.1
760.1
760.2
760.3
760.3
760.4
760.5
760.5
760.6
760.7
760.7
760.8
760.8
760.9
760.9
760.9
761.0
761.0
761.1
761.1
761.1
761.2
761.2
761.2
761.2
761.3
761.3
761.3
761.3
761.3
761.4
761.4
761.4
761.4
761.5
761.5
761.5
761.5
761.6
761.6
761.6
761.6
761.7
761.7
761.7
761.7
761.8
761.8
761.8
761.9
761.9
761.9
762.0
762.0
762.0
762.0
762.1
762.1
762.1
762.2
762.2
762.2
762.2
762.3
762.3
762.3
762.3
762.3
762.3
762.3
762.4
762.4
762.4
762.4
762.4
762.4
762.4
762.4
762.4
762.4
762.4
762.3
762.3
762.3
762.3
762.3
762.3
762.3
762.3
762.3
762.2
762.2
762.2
762.2
762.2
762.2
762.1
762.1
762.1
762.1
762.1
762.1
762.0
762.0
762.0
762.0
762.0
761.9
761.9
761.9
761.9
761.8
761.8
761.8
761.7
761.7
761.7
761.6
761.6
761.5
761.5
761.4
761.4
761.3
761.2
761.2
761.1
761.0
761.0
760.9
760.8
760.8
760.7
760.6
760.5
760.4
760.4
760.3
760.2
760.1
760.1
760.0
759.9
759.8
759.8
759.7
759.6
759.6
759.5
759.4
759.4
759.3
759.3
759.2
759.2
759.1
759.1
759.0
759.0
759.0
758.9
758.9
758.9
758.9
758.9
758.9
758.9
758.8
758.8
758.8
758.8
758.9
758.9
758.9
758.9
758.9
758.9
758.9
758.9
758.9
759.0
759.0
759.0
759.0
759.0
759.0
759.1
759.1
759.1
759.1
759.1
759.1
759.1
759.2
759.2
759.2
759.2
759.2
759.2
759.2
759.2
759.2
759.2
759.2
759.2
759.2
759.2
759.2
759.2
759.2
759.2
759.2
759.2
759.2
759.2
759.2
759.2
759.2
759.2
759.3
759.3
759.3
759.3
759.3
759.4
759.4
759.4
759.5
759.5
759.5
759.6
759.6
759.7
759.7
759.7
759.8
759.9
759.9
760.0
760.0
760.1
760.1
760.2
760.3
760.3
760.4
760.4
760.5
760.6
760.6
760.7
760.8
760.8
760.9
760.9
761.0
761.0
761.1
761.1
761.2
761.2
761.3
761.3
761.4
761.4
761.5
761.5
761.6
761.6
761.7
761.7
761.8
761.8
761.9
761.9
761.9
762.0
762.0
762.1
762.1
762.1
762.2
762.2
762.3
762.3
762.3
762.4
762.4
762.4
762.5
762.5
762.5
762.5
762.6
762.6
762.6
762.6
762.6
762.7
762.7
762.7
762.7
762.7
762.7
762.7
762.7
762.7
762.7
762.6
762.6
762.6
762.6
762.6
762.5
762.5
762.5
762.4
762.4
762.4
762.3
762.3
762.3
762.2
762.2
762.1
762.1
762.0
762.0
761.9
761.9
761.8
761.8
761.7
761.7
761.6
761.6
761.5
761.5
761.4
761.4
761.4
761.3
761.3
761.2
761.2
761.1
761.1
761.0
761.0
761.0
760.9
760.9
760.8
760.8
760.7
760.7
760.7
760.6
760.6
760.5
760.5
760.4
760.4
760.4
760.3
760.3
760.2
760.2
760.1
760.0
760.0
759.9
759.9
759.8
759.8
759.7
759.6
759.6
759.5
759.4
759.3
759.3
759.2
759.1
759.1
759.0
758.9
758.8
758.7
758.7
758.6
758.5
758.4
758.3
758.3
758.2
758.1
758.0
758.0
757.9
757.8
757.8
757.7
757.6
757.6
757.5
757.5
757.4
757.4
757.3
757.3
757.2
757.2
757.2
757.2
757.1
757.1
757.1
757.1
757.1
757.0
757.0
757.0
757.0
757.0
757.0
757.0
757.1
757.1
757.1
757.1
757.1
757.1
757.1
757.2
757.2
757.2
757.2
757.3
757.3
757.3
757.4
757.4
757.4
757.4
757.5
757.5
757.5
757.6
757.6
757.7
757.7
757.7
757.8
757.8
757.9
757.9
758.0
758.0
758.1
758.1
758.2
758.2
758.3
758.3
758.4
758.4
758.5
758.6
758.6
758.7
758.7
758.8
758.9
758.9
759.0
759.0
759.1
759.2
759.2
759.3
759.3
759.4
759.5
759.5
759.6
759.6
759.7
759.8
759.8
759.9
759.9
760.0
760.1
760.1
760.2
760.2
760.3
760.3
760.4
760.4
760.5
760.5
760.6
760.6
760.7
760.7
760.8
760.8
760.9
760.9
761.0
761.0
761.1
761.1
761.2
761.2
761.3
761.3
761.4
761.4
761.4
761.5
761.5
761.6
761.6
761.7
761.7
761.8
761.8
761.8
761.9
761.9
762.0
762.0
762.1
762.1
762.2
762.2
762.2
762.3
762.3
762.3
762.4
762.4
762.4
762.5
762.5
762.5
762.5
762.5
762.5
762.5
762.5
762.5
762.5
762.5
762.5
762.5
762.5
762.5
762.5
762.4
762.4
762.4
762.3
762.3
762.3
762.2
762.2
762.1
762.1
762.0
762.0
761.9
761.8
761.8
761.7
761.7
761.6
761.6
761.5
761.4
761.4
761.3
761.2
761.2
761.1
761.1
761.0
760.9
760.9
760.8
760.7
760.7
760.6
760.6
760.5
760.5
760.4
760.3
760.3
760.2
760.2
760.1
760.1
760.0
759.9
759.9
759.8
759.8
759.7
759.7
759.6
759.5
759.5
759.4
759.4
759.3
759.3
759.2
759.1
759.1
759.0
759.0
758.9
758.9
758.8
758.7
758.7
758.6
758.6
758.5
758.4
758.4
758.3
758.3
758.2
758.2
758.1
758.1
758.0
758.0
757.9
757.9
757.8
757.8
757.7
757.7
757.6
757.6
757.6
757.5
757.5
757.5
757.4
757.4
757.4
757.3
757.3
757.3
757.2
757.2
757.2
757.2
757.2
757.1
757.1
757.1
757.1
757.1
757.1
757.1
757.1
757.1
757.1
757.1
757.1
757.1
757.1
757.1
757.1
757.1
757.1
757.2
757.2
757.2
757.2
757.2
757.3
757.3
757.3
757.3
757.4
757.4
757.5
757.5
757.5
757.6
757.6
757.7
757.7
757.8
757.8
757.9
758.0
758.0
758.1
758.1
758.2
758.3
758.4
758.4
758.5
758.6
758.7
758.8
758.8
758.9
759.0
759.1
759.2
759.3
759.4
759.4
759.5
759.6
759.7
759.8
759.9
760.0
760.0
760.1
760.2
760.3
760.4
760.4
760.5
760.6
760.7
760.7
760.8
760.9
760.9
761.0
761.0
761.1
761.2
761.2
761.3
761.3
761.4
761.4
761.5
761.5
761.5
761.6
761.6
761.7
761.7
761.7
761.8
761.8
761.9
761.9
761.9
762.0
762.0
762.0
762.1
762.1
762.1
762.2
762.2
762.3
762.3
762.3
762.4
762.4
762.4
762.4
762.5
762.5
762.5
762.6
762.6
762.6
762.6
762.6
762.7
762.7
762.7
762.7
762.7
762.7
762.8
762.8
762.8
762.8
762.8
762.8
762.8
762.8
762.8
762.8
762.8
762.8
762.7
762.7
762.7
762.7
762.7
762.6
762.6
762.6
762.5
762.5
762.5
762.4
762.4
762.3
762.3
762.2
762.2
762.1
762.1
762.0
762.0
761.9
761.9
761.8
761.8
761.7
761.6
761.6
761.5
761.4
761.4
761.3
761.2
761.2
761.1
761.0
761.0
760.9
760.8
760.8
760.7
760.6
760.6
760.5
760.4
760.4
760.3
760.2
760.2
760.1
760.0
759.9
759.9
759.8
759.7
759.7
759.6
759.5
759.5
759.4
759.3
759.3
759.2
759.1
759.0
759.0
758.9
758.8
758.8
758.7
758.6
758.6
758.5
758.5
758.4
758.3
758.3
758.2
758.2
758.1
758.1
758.0
758.0
757.9
757.9
757.9
757.8
757.8
757.7
757.7
757.7
757.7
757.6
757.6
757.6
757.6
757.6
757.5
757.5
757.5
757.5
757.5
757.5
757.5
757.5
757.5
757.5
757.5
757.5
757.5
757.5
757.5
757.5
757.5
757.5
757.5
757.5
757.5
757.5
757.5
757.5
757.5
757.5
757.5
757.5
757.6
757.6
757.6
757.6
757.6
757.6
757.7
757.7
757.7
757.7
757.8
757.8
757.8
757.8
757.9
757.9
757.9
758.0
758.0
758.1
758.1
758.2
758.2
758.3
758.3
758.4
758.5
758.5
758.6
758.7
758.7
758.8
758.9
759.0
759.0
759.1
759.2
759.3
759.3
759.4
759.5
759.6
759.7
759.8
759.9
759.9
760.0
760.1
760.2
760.3
760.4
760.5
760.5
760.6
760.7
760.8
760.9
760.9
761.0
761.1
761.2
761.2
761.3
761.4
761.5
761.5
761.6
761.6
761.7
761.8
761.8
761.9
761.9
762.0
762.0
762.1
762.1
762.1
762.2
762.2
762.3
762.3
762.3
762.4
762.4
762.4
762.5
762.5
762.5
762.5
762.6
762.6
762.6
762.6
762.6
762.7
762.7
762.7
762.7
762.7
762.7
762.8
762.8
762.8
762.8
762.8
762.8
762.8
762.8
762.8
762.8
762.8
762.8
762.8
762.8
762.8
762.7
762.7
762.7
762.7
762.7
762.6
762.6
762.6
762.6
762.5
762.5
762.5
762.4
762.4
762.4
762.3
762.3
762.2
762.2
762.2
762.1
762.1
762.0
762.0
761.9
761.9
761.8
761.8
761.7
761.7
761.6
761.6
761.5
761.5
761.4
761.4
761.3
761.2
761.2
761.1
761.1
761.0
760.9
760.9
760.8
760.8
760.7
760.6
760.6
760.5
760.4
760.4
760.3
760.2
760.2
760.1
760.0
760.0
759.9
759.8
759.8
759.7
759.6
759.5
759.5
759.4
759.3
759.3
759.2
759.1
759.0
759.0
758.9
758.8
758.8
758.7
758.6
758.6
758.5
758.4
758.4
758.3
758.2
758.2
758.1
758.1
758.0
758.0
757.9
757.9
757.8
757.8
757.7
757.7
757.6
757.6
757.6
757.5
757.5
757.5
757.4
757.4
757.4
757.4
757.4
757.4
757.4
757.3
757.3
757.3
757.3
757.3
757.3
757.3
757.3
757.3
757.4
757.4
757.4
757.4
757.4
757.4
757.4
757.5
757.5
757.5
757.5
757.5
757.6
757.6
757.6
757.6
757.6
757.7
757.7
757.7
757.7
757.8
757.8
757.8
757.8
757.9
757.9
757.9
758.0
758.0
758.0
758.1
758.1
758.2
758.2
758.2
758.3
758.3
758.4
758.4
758.5
758.5
758.6
758.7
758.7
758.8
758.8
758.9
758.9
759.0
759.1
759.1
759.2
759.3
759.3
759.4
759.5
759.6
759.6
759.7
759.8
759.8
759.9
760.0
760.1
760.1
760.2
760.3
760.4
760.4
760.5
760.6
760.6
760.7
760.8
760.9
760.9
761.0
761.1
761.1
761.2
761.3
761.3
761.4
761.5
761.5
761.6
761.7
761.7
761.8
761.8
761.9
762.0
762.0
762.1
762.1
762.2
762.2
762.3
762.3
762.4
762.4
762.4
762.5
762.5
762.5
762.6
762.6
762.6
762.7
762.7
762.7
762.7
762.7
762.8
762.8
762.8
762.8
762.8
762.8
762.8
762.8
762.8
762.8
762.8
762.8
762.8
762.8
762.8
762.8
762.8
762.7
762.7
762.7
762.7
762.6
762.6
762.6
762.6
762.5
762.5
762.5
762.4
762.4
762.3
762.3
762.3
762.2
762.2
762.1
762.1
762.0
762.0
761.9
761.9
761.8
761.8
761.7
761.6
761.6
761.5
761.5
761.4
761.4
761.3
761.3
761.2
761.2
761.1
761.0
761.0
760.9
760.9
760.8
760.8
760.7
760.6
760.6
760.5
760.5
760.4
760.4
760.3
760.2
760.2
760.1
760.1
760.0
759.9
759.9
759.8
759.7
759.7
759.6
759.6
759.5
759.4
759.4
759.3
759.2
759.2
759.1
759.0
759.0
758.9
758.8
758.8
758.7
758.6
758.6
758.5
758.5
758.4
758.4
758.3
758.2
758.2
758.1
758.1
758.0
758.0
757.9
757.9
757.9
757.8
757.8
757.7
757.7
757.7
757.6
757.6
757.6
757.6
757.5
757.5
757.5
757.5
757.4
757.4
757.4
757.4
757.4
757.4
757.4
757.4
757.4
757.3
757.3
757.3
757.4
757.4
757.4
757.4
757.4
757.4
757.4
757.4
757.4
757.5
757.5
757.5
757.5
757.5
757.6
757.6
757.6
757.7
757.7
757.7
757.8
757.8
757.8
757.9
757.9
758.0
758.0
758.1
758.1
758.2
758.2
758.3
758.3
758.3
758.4
758.4
758.5
758.5
758.6
758.6
758.7
758.8
758.8
758.9
758.9
759.0
759.1
759.1
759.2
759.2
759.3
759.4
759.4
759.5
759.6
759.6
759.7
759.7
759.8
759.9
759.9
760.0
760.1
760.1
760.2
760.3
760.3
760.4
760.4
760.5
760.6
760.6
760.7
760.7
760.8
760.9
760.9
761.0
761.0
761.1
761.2
761.2
761.3
761.3
761.4
761.4
761.5
761.6
761.6
761.7
761.7
761.8
761.8
761.9
761.9
762.0
762.0
762.1
762.1
762.2
762.2
762.3
762.3
762.4
762.4
762.4
762.5
762.5
762.5
762.6
762.6
762.6
762.7
762.7
762.7
762.7
762.8
762.8
762.8
762.8
762.8
762.8
762.8
762.8
762.8
762.8
762.8
762.8
762.8
762.8
762.8
762.8
762.7
762.7
762.7
762.7
762.6
762.6
762.6
762.5
762.5
762.5
762.4
762.4
762.3
762.3
762.3
762.2
762.2
762.1
762.1
762.0
762.0
761.9
761.9
761.8
761.8
761.7
761.7
761.6
761.5
761.5
761.4
761.4
761.3
761.3
761.2
761.1
761.1
761.0
760.9
760.9
760.8
760.7
760.7
760.6
760.6
760.5
760.4
760.4
760.3
760.2
760.2
760.1
760.1
760.0
759.9
759.9
759.8
759.7
759.7
759.6
759.6
759.5
759.4
759.4
759.3
759.3
759.2
759.1
759.1
759.0
759.0
758.9
758.8
758.8
758.7
758.7
758.6
758.6
758.5
758.5
758.4
758.4
758.3
758.3
758.2
758.2
758.1
758.1
758.1
758.0
758.0
757.9
757.9
757.9
757.9
757.8
757.8
757.8
757.7
757.7
757.7
757.7
757.7
757.6
757.6
757.6
757.6
757.6
757.6
757.6
757.6
757.5
757.5
757.5
757.5
757.5
757.5
757.5
757.5
757.5
757.5
757.5
757.5
757.5
757.6
757.6
757.6
757.6
757.6
757.6
757.6
757.7
757.7
757.7
757.7
757.8
757.8
757.8
757.9
757.9
757.9
758.0
758.0
758.0
758.1
758.1
758.2
758.2
758.3
758.3
758.4
758.4
758.5
758.6
758.6
758.7
758.7
758.8
758.9
758.9
759.0
759.1
759.1
759.2
759.3
759.3
759.4
759.4
759.5
759.6
759.6
759.7
759.8
759.8
759.9
759.9
760.0
760.1
760.1
760.2
760.3
760.3
760.4
760.4
760.5
760.6
760.6
760.7
760.7
760.8
760.8
760.9
761.0
761.0
761.1
761.1
761.2
761.2
761.3
761.3
761.4
761.4
761.5
761.5
761.6
761.6
761.7
761.7
761.7
761.8
761.8
761.9
761.9
762.0
762.0
762.0
762.1
762.1
762.1
762.2
762.2
762.3
762.3
762.3
762.3
762.4
762.4
762.4
762.5
762.5
762.5
762.5
762.6
762.6
762.6
762.6
762.6
762.6
762.7
762.7
762.7
762.7
762.7
762.7
762.7
762.7
762.7
762.7
762.6
762.6
762.6
762.6
762.6
762.6
762.5
762.5
762.5
762.5
762.4
762.4
762.4
762.3
762.3
762.2
762.2
762.2
762.1
762.1
762.0
762.0
761.9
761.9
761.8
761.8
761.7
761.7
761.6
761.6
761.5
761.5
761.4
761.3
761.3
761.2
761.2
761.1
761.0
761.0
760.9
760.9
760.8
760.7
760.7
760.6
760.5
760.5
760.4
760.3
760.3
760.2
760.1
760.1
760.0
759.9
759.9
759.8
759.7
759.7
759.6
759.5
759.5
759.4
759.3
759.3
759.2
759.1
759.1
759.0
759.0
758.9
758.8
758.8
758.7
758.7
758.6
758.6
758.5
758.5
758.4
758.4
758.3
758.3
758.2
758.2
758.2
758.1
758.1
758.0
758.0
758.0
758.0
757.9
757.9
757.9
757.8
757.8
757.8
757.8
757.8
757.7
757.7
757.7
757.7
757.7
757.7
757.6
757.6
757.6
757.6
757.6
757.6
757.6
757.6
757.6
757.6
757.6
757.6
757.6
757.6
757.7
757.7
757.7
757.7
757.7
757.7
757.7
757.7
757.8
757.8
757.8
757.8
757.8
757.9
757.9
757.9
757.9
758.0
758.0
758.0
758.0
758.1
758.1
758.1
758.2
758.2
758.3
758.3
758.3
758.4
758.4
758.5
758.5
758.6
758.6
758.7
758.8
758.8
758.9
758.9
759.0
759.0
759.1
759.2
759.2
759.3
759.4
759.4
759.5
759.6
759.6
759.7
759.8
759.8
759.9
760.0
760.0
760.1
760.2
760.2
760.3
760.4
760.4
760.5
760.5
760.6
760.6
760.7
760.8
760.8
760.9
760.9
761.0
761.0
761.1
761.1
761.2
761.2
761.3
761.3
761.4
761.4
761.5
761.5
761.6
761.6
761.7
761.7
761.8
761.8
761.8
761.9
761.9
761.9
762.0
762.0
762.0
762.1
762.1
762.1
762.2
762.2
762.2
762.3
762.3
762.3
762.3
762.3
762.4
762.4
762.4
762.4
762.4
762.4
762.5
762.5
762.5
762.5
762.5
762.5
762.5
762.5
762.5
762.5
762.5
762.5
762.5
762.5
762.5
762.4
762.4
762.4
762.4
762.4
762.4
762.4
762.3
762.3
762.3
762.3
762.2
762.2
762.2
762.1
762.1
762.1
762.0
762.0
762.0
761.9
761.9
761.8
761.8
761.7
761.7
761.6
761.6
761.5
761.5
761.4
761.4
761.3
761.3
761.2
761.2
761.1
761.1
761.0
760.9
760.9
760.8
760.8
760.7
760.6
760.6
760.5
760.4
760.4
760.3
760.2
760.2
760.1
760.1
760.0
759.9
759.9
759.8
759.7
759.7
759.6
759.5
759.5
759.4
759.3
759.3
759.2
759.1
759.1
759.0
758.9
758.9
758.8
758.8
758.7
758.6
758.6
758.5
758.5
758.4
758.4
758.3
758.3
758.2
758.2
758.2
758.1
758.1
758.0
758.0
758.0
757.9
757.9
757.9
757.9
757.8
757.8
757.8
757.8
757.7
757.7
757.7
757.7
757.7
757.7
757.7
757.6
757.6
757.6
757.6
757.6
757.6
757.6
757.6
757.6
757.6
757.6
757.6
757.6
757.7
757.7
757.7
757.7
757.7
757.7
757.7
757.8
757.8
757.8
757.8
757.9
757.9
757.9
757.9
758.0
758.0
758.0
758.1
758.1
758.1
758.2
758.2
758.2
758.3
758.3
758.4
758.4
758.4
758.5
758.5
758.6
758.6
758.7
758.7
758.8
758.8
758.9
758.9
759.0
759.0
759.1
759.1
759.2
759.2
759.3
759.3
759.4
759.5
759.5
759.6
759.6
759.7
759.8
759.8
759.9
759.9
760.0
760.1
760.1
760.2
760.2
760.3
760.4
760.4
760.5
760.5
760.6
760.7
760.7
760.8
760.8
760.9
761.0
761.0
761.1
761.1
761.2
761.2
761.3
761.3
761.4
761.4
761.5
761.5
761.6
761.6
761.7
761.7
761.7
761.8
761.8
761.9
761.9
761.9
762.0
762.0
762.0
762.1
762.1
762.1
762.2
762.2
762.2
762.2
762.3
762.3
762.3
762.3
762.3
762.4
762.4
762.4
762.4
762.4
762.4
762.4
762.4
762.4
762.4
762.4
762.4
762.4
762.4
762.4
762.4
762.4
762.4
762.4
762.3
762.3
762.3
762.3
762.3
762.3
762.2
762.2
762.2
762.2
762.1
762.1
762.1
762.1
762.0
762.0
762.0
761.9
761.9
761.9
761.8
761.8
761.8
761.7
761.7
761.7
761.6
761.6
761.5
761.5
761.4
761.4
761.3
761.3
761.3
761.2
761.1
761.1
761.0
761.0
760.9
760.9
760.8
760.8
760.7
760.6
760.6
760.5
760.5
760.4
760.3
760.3
760.2
760.1
760.1
760.0
760.0
759.9
759.8
759.8
759.7
759.6
759.6
759.5
759.5
759.4
759.3
759.3
759.2
759.2
759.1
759.0
759.0
758.9
758.9
758.8
758.8
758.7
758.7
758.6
758.6
758.5
758.5
758.4
758.4
758.3
758.3
758.2
758.2
758.1
758.1
758.1
758.0
758.0
758.0
757.9
757.9
757.9
757.8
757.8
757.8
757.8
757.8
757.7
757.7
757.7
757.7
757.7
757.7
757.7
757.6
757.6
757.6
757.6
757.6
757.6
757.6
757.6
757.6
757.6
757.7
757.7
757.7
757.7
757.7
757.7
757.7
757.8
757.8
757.8
757.8
757.8
757.9
757.9
757.9
758.0
758.0
758.0
758.1
758.1
758.1
758.2
758.2
758.3
758.3
758.3
758.4
758.4
758.5
758.5
758.6
758.6
758.7
758.7
758.8
758.8
758.9
758.9
759.0
759.1
759.1
759.2
759.2
759.3
759.3
759.4
759.4
759.5
759.5
759.6
759.7
759.7
759.8
759.8
759.9
759.9
760.0
760.0
760.1
760.1
760.2
760.3
760.3
760.4
760.4
760.5
760.5
760.6
760.6
760.7
760.8
760.8
760.9
760.9
761.0
761.0
761.1
761.1
761.2
761.2
761.3
761.3
761.4
761.4
761.5
761.5
761.6
761.6
761.7
761.7
761.8
761.8
761.8
761.9
761.9
761.9
762.0
762.0
762.0
762.1
762.1
762.1
762.2
762.2
762.2
762.2
762.2
762.3
762.3
762.3
762.3
762.3
762.3
762.3
762.4
762.4
762.4
762.4
762.4
762.4
762.4
762.4
762.4
762.4
762.3
762.3
762.3
762.3
762.3
762.3
762.3
762.3
762.2
762.2
762.2
762.2
762.2
762.1
762.1
762.1
762.0
762.0
762.0
762.0
761.9
761.9
761.9
761.8
761.8
761.7
761.7
761.7
761.6
761.6
761.6
761.5
761.5
761.4
761.4
761.3
761.3
761.3
761.2
761.2
761.1
761.1
761.0
761.0
760.9
760.9
760.8
760.8
760.7
760.7
760.6
760.5
760.5
760.4
760.4
760.3
760.3
760.2
760.1
760.1
760.0
760.0
759.9
759.8
759.8
759.7
759.7
759.6
759.6
759.5
759.4
759.4
759.3
759.3
759.2
759.1
759.1
759.0
759.0
758.9
758.9
758.8
758.8
758.7
758.7
758.6
758.6
758.5
758.5
758.5
758.4
758.4
758.3
758.3
758.3
758.2
758.2
758.2
758.1
758.1
758.1
758.0
758.0
758.0
757.9
757.9
757.9
757.9
757.8
757.8
757.8
757.8
757.8
757.7
757.7
757.7
757.7
757.7
757.7
757.7
757.7
757.7
757.7
757.7
757.7
757.7
757.7
757.7
757.7
757.7
757.7
757.8
757.8
757.8
757.8
757.8
757.9
757.9
757.9
757.9
758.0
758.0
758.0
758.1
758.1
758.1
758.2
758.2
758.2
758.3
758.3
758.4
758.4
758.5
758.5
758.6
758.6
758.7
758.7
758.8
758.8
758.9
758.9
759.0
759.0
759.1
759.2
759.2
759.3
759.3
759.4
759.5
759.5
759.6
759.6
759.7
759.7
759.8
759.9
759.9
760.0
760.0
760.1
760.1
760.2
760.3
760.3
760.4
760.4
760.5
760.5
760.6
760.6
760.7
760.7
760.8
760.8
760.9
760.9
761.0
761.0
761.1
761.1
761.2
761.2
761.3
761.3
761.4
761.4
761.5
761.5
761.5
761.6
761.6
761.7
761.7
761.7
761.8
761.8
761.9
761.9
761.9
762.0
762.0
762.0
762.1
762.1
762.1
762.1
762.2
762.2
762.2
762.2
762.2
762.3
762.3
762.3
762.3
762.3
762.3
762.3
762.3
762.3
762.3
762.3
762.3
762.3
762.3
762.3
762.3
762.3
762.3
762.3
762.2
762.2
762.2
762.2
762.2
762.2
762.1
762.1
762.1
762.1
762.0
762.0
762.0
762.0
761.9
761.9
761.9
761.8
761.8
761.8
761.7
761.7
761.7
761.6
761.6
761.5
761.5
761.5
761.4
761.4
761.3
761.3
761.2
761.2
761.1
761.1
761.0
761.0
760.9
760.9
760.8
760.8
760.7
760.7
760.6
760.6
760.5
760.5
760.4
760.4
760.3
760.3
760.2
760.2
760.1
760.0
760.0
759.9
759.9
759.8
759.8
759.7
759.7
759.6
759.6
759.5
759.4
759.4
759.3
759.3
759.2
759.2
759.1
759.1
759.0
759.0
758.9
758.9
758.8
758.8
758.7
758.7
758.6
758.6
758.6
758.5
758.5
758.4
758.4
758.4
758.3
758.3
758.3
758.2
758.2
758.2
758.1
758.1
758.1
758.1
758.0
758.0
758.0
758.0
758.0
757.9
757.9
757.9
757.9
757.9
757.9
757.9
757.8
757.8
757.8
757.8
757.8
757.8
757.8
757.8
757.8
757.8
757.8
757.8
757.8
757.8
757.8
757.8
757.8
757.9
757.9
757.9
757.9
757.9
758.0
758.0
758.0
758.0
758.1
758.1
758.1
758.2
758.2
758.2
758.3
758.3
758.3
758.4
758.4
758.5
758.5
758.6
758.6
758.7
758.7
758.7
758.8
758.9
758.9
759.0
759.0
759.1
759.1
759.2
759.2
759.3
759.3
759.4
759.5
759.5
759.6
759.6
759.7
759.8
759.8
759.9
759.9
760.0
760.1
760.1
760.2
760.2
760.3
760.4
760.4
760.5
760.5
760.6
760.6
760.7
760.8
760.8
760.9
760.9
761.0
761.0
761.1
761.1
761.2
761.2
761.3
761.3
761.3
761.4
761.4
761.5
761.5
761.6
761.6
761.6
761.7
761.7
761.7
761.8
761.8
761.8
761.9
761.9
761.9
762.0
762.0
762.0
762.0
762.1
762.1
762.1
762.1
762.1
762.2
762.2
762.2
762.2
762.2
762.2
762.2
762.3
762.3
762.3
762.3
762.3
762.3
762.3
762.3
762.3
762.3
762.3
762.2
762.2
762.2
762.2
762.2
762.2
762.2
762.1
762.1
762.1
762.1
762.0
762.0
762.0
762.0
761.9
761.9
761.9
761.9
761.8
761.8
761.8
761.7
761.7
761.7
761.6
761.6
761.5
761.5
761.5
761.4
761.4
761.3
761.3
761.2
761.2
761.1
761.1
761.0
761.0
760.9
760.9
760.8
760.8
760.7
760.7
760.6
760.6
760.5
760.5
760.4
760.4
760.3
760.3
760.2
760.1
760.1
760.0
760.0
759.9
759.9
759.8
759.8
759.7
759.7
759.6
759.6
759.5
759.5
759.4
759.4
759.3
759.3
759.2
759.2
759.1
759.1
759.0
759.0
759.0
758.9
758.9
758.8
758.8
758.7
758.7
758.6
758.6
758.6
758.5
758.5
758.5
758.4
758.4
758.3
758.3
758.3
758.2
758.2
758.2
758.2
758.1
758.1
758.1
758.1
758.0
758.0
758.0
758.0
758.0
758.0
757.9
757.9
757.9
757.9
757.9
757.9
757.9
757.9
757.9
757.9
757.9
757.9
757.9
757.9
757.9
757.9
757.9
757.9
758.0
758.0
758.0
758.0
758.0
758.0
758.0
758.0
758.1
758.1
758.1
758.1
758.2
758.2
758.2
758.2
758.3
758.3
758.3
758.4
758.4
758.4
758.5
758.5
758.6
758.6
758.6
758.7
758.7
758.8
758.8
758.9
758.9
759.0
759.0
759.1
759.1
759.2
759.2
759.3
759.3
759.4
759.4
759.5
759.5
759.6
759.7
759.7
759.8
759.8
759.9
759.9
760.0
760.1
760.1
760.2
760.2
760.3
760.3
760.4
760.5
760.5
760.6
760.6
760.7
760.7
760.8
760.9
760.9
761.0
761.0
761.1
761.1
761.2
761.2
761.3
761.3
761.4
761.4
761.5
761.5
761.6
761.6
761.6
761.7
761.7
761.8
761.8
761.8
761.9
761.9
761.9
761.9
762.0
762.0
762.0
762.0
762.1
762.1
762.1
762.1
762.1
762.1
762.2
762.2
762.2
762.2
762.2
762.2
762.2
762.2
762.2
762.2
762.2
762.2
762.2
762.2
762.2
762.2
762.2
762.2
762.2
762.2
762.2
762.2
762.1
762.1
762.1
762.1
762.1
762.1
762.0
762.0
762.0
762.0
761.9
761.9
761.9
761.8
761.8
761.8
761.7
761.7
761.6
761.6
761.6
761.5
761.5
761.5
761.4
761.4
761.3
761.3
761.2
761.2
761.1
761.1
761.1
761.0
761.0
760.9
760.9
760.8
760.8
760.7
760.6
760.6
760.5
760.5
760.4
760.4
760.3
760.3
760.2
760.2
760.1
760.1
760.0
760.0
759.9
759.9
759.8
759.7
759.7
759.6
759.6
759.5
759.5
759.4
759.4
759.3
759.3
759.2
759.2
759.1
759.1
759.1
759.0
759.0
758.9
758.9
758.8
758.8
758.8
758.7
758.7
758.7
758.6
758.6
758.5
758.5
758.5
758.4
758.4
758.4
758.4
758.3
758.3
758.3
758.2
758.2
758.2
758.2
758.1
758.1
758.1
758.1
758.1
758.0
758.0
758.0
758.0
758.0
758.0
758.0
758.0
758.0
757.9
757.9
757.9
757.9
757.9
757.9
757.9
758.0
758.0
758.0
758.0
758.0
758.0
758.0
758.0
758.1
758.1
758.1
758.1
758.1
758.2
758.2
758.2
758.2
758.3
758.3
758.3
758.4
758.4
758.4
758.4
758.5
758.5
758.5
758.6
758.6
758.6
758.7
758.7
758.8
758.8
758.8
758.9
758.9
759.0
759.0
759.1
759.1
759.2
759.2
759.3
759.3
759.3
759.4
759.5
759.5
759.6
759.6
759.7
759.7
759.8
759.8
759.9
759.9
760.0
760.0
760.1
760.1
760.2
760.2
760.3
760.4
760.4
760.5
760.5
760.6
760.6
760.7
760.7
760.8
760.8
760.9
760.9
761.0
761.0
761.1
761.1
761.2
761.2
761.3
761.3
761.4
761.4
761.5
761.5
761.6
761.6
761.6
761.7
761.7
761.8
761.8
761.8
761.9
761.9
761.9
762.0
762.0
762.0
762.0
762.1
762.1
762.1
762.1
762.1
762.2
762.2
762.2
762.2
762.2
762.2
762.2
762.2
762.2
762.2
762.2
762.2
762.2
762.2
762.2
762.2
762.2
762.2
762.2
762.2
762.1
762.1
762.1
762.1
762.1
762.1
762.0
762.0
762.0
762.0
761.9
761.9
761.9
761.9
761.8
761.8
761.8
761.7
761.7
761.7
761.6
761.6
761.6
761.5
761.5
761.5
761.4
761.4
761.3
761.3
761.2
761.2
761.1
761.1
761.0
761.0
760.9
760.9
760.8
760.8
760.7
760.7
760.6
760.6
760.5
760.5
760.4
760.4
760.3
760.3
760.2
760.2
760.1
760.0
760.0
759.9
759.9
759.8
759.8
759.7
759.7
759.6
759.6
759.5
759.5
759.4
759.4
759.3
759.3
759.2
759.2
759.1
759.1
759.0
759.0
759.0
758.9
758.9
758.8
758.8
758.7
758.7
758.7
758.6
758.6
758.6
758.5
758.5
758.5
758.4
758.4
758.4
758.4
758.3
758.3
758.3
758.3
758.2
758.2
758.2
758.2
758.2
758.1
758.1
758.1
758.1
758.1
758.1
758.1
758.1
758.1
758.0
758.0
758.0
758.0
758.0
758.0
758.0
758.0
758.0
758.0
758.0
758.0
758.0
758.0
758.1
758.1
758.1
758.1
758.1
758.1
758.1
758.2
758.2
758.2
758.2
758.3
758.3
758.3
758.3
758.4
758.4
758.4
758.5
758.5
758.5
758.6
758.6
758.6
758.7
758.7
758.8
758.8
758.8
758.9
758.9
759.0
759.0
759.1
759.1
759.2
759.2
759.2
759.3
759.3
759.4
759.4
759.5
759.5
759.5
759.6
759.6
759.7
759.7
759.8
759.8
759.9
759.9
760.0
760.0
760.1
760.1
760.2
760.2
760.3
760.4
760.4
760.5
760.5
760.5
760.6
760.6
760.7
760.7
760.8
760.8
760.9
760.9
761.0
761.0
761.1
761.1
761.2
761.2
761.3
761.3
761.4
761.4
761.4
761.5
761.5
761.6
761.6
761.6
761.7
761.7
761.7
761.8
761.8
761.8
761.9
761.9
761.9
761.9
762.0
762.0
762.0
762.0
762.1
762.1
762.1
762.1
762.1
762.1
762.2
762.2
762.2
762.2
762.2
762.2
762.2
762.2
762.2
762.2
762.2
762.2
762.2
762.2
762.1
762.1
762.1
762.1
762.1
762.1
762.0
762.0
762.0
762.0
762.0
761.9
761.9
761.9
761.8
761.8
761.8
761.8
761.7
761.7
761.7
761.6
761.6
761.5
761.5
761.5
761.4
761.4
761.3
761.3
761.3
761.2
761.2
761.1
761.1
761.0
761.0
761.0
760.9
760.9
760.8
760.8
760.7
760.7
760.6
760.5
760.5
760.4
760.4
760.3
760.3
760.2
760.2
760.1
760.1
760.0
759.9
759.9
759.8
759.8
759.7
759.7
759.6
759.6
759.5
759.5
759.4
759.4
759.3
759.3
759.2
759.2
759.1
759.1
759.0
759.0
759.0
758.9
758.9
758.8
758.8
758.7
758.7
758.7
758.6
758.6
758.6
758.5
758.5
758.5
758.4
758.4
758.4
758.3
758.3
758.3
758.3
758.2
758.2
758.2
758.2
758.2
758.1
758.1
758.1
758.1
758.1
758.1
758.1
758.1
758.1
758.1
758.1
758.1
758.1
758.1
758.1
758.1
758.1
758.1
758.1
758.1
758.1
758.1
758.1
758.1
758.1
758.1
758.2
758.2
758.2
758.2
758.2
758.2
758.3
758.3
758.3
758.3
758.3
758.4
758.4
758.4
758.4
758.5
758.5
758.5
758.6
758.6
758.6
758.7
758.7
758.7
758.8
758.8
758.9
758.9
759.0
759.0
759.0
759.1
759.1
759.2
759.2
759.3
759.3
759.4
759.4
759.5
759.5
759.6
759.6
759.7
759.7
759.8
759.8
759.9
759.9
759.9
760.0
760.0
760.1
760.1
760.2
760.2
760.3
760.3
760.4
760.4
760.5
760.5
760.6
760.6
760.7
760.7
760.8
760.8
760.8
760.9
760.9
761.0
761.0
761.1
761.1
761.1
761.2
761.2
761.3
761.3
761.3
761.4
761.4
761.5
761.5
761.5
761.6
761.6
761.6
761.7
761.7
761.7
761.7
761.8
761.8
761.8
761.8
761.9
761.9
761.9
761.9
761.9
762.0
762.0
762.0
762.0
762.0
762.0
762.0
762.1
762.1
762.1
762.1
762.1
762.1
762.1
762.1
762.1
762.1
762.1
762.1
762.1
762.1
762.1
762.1
762.0
762.0
762.0
762.0
762.0
762.0
761.9
761.9
761.9
761.9
761.8
761.8
761.8
761.8
761.7
761.7
761.7
761.6
761.6
761.5
761.5
761.5
761.4
761.4
761.3
761.3
761.3
761.2
761.2
761.1
761.1
761.0
761.0
760.9
760.9
760.8
760.8
760.7
760.7
760.6
760.6
760.5
760.5
760.4
760.4
760.3
760.3
760.2
760.2
760.1
760.1
760.0
760.0
759.9
759.9
759.8
759.8
759.7
759.7
759.6
759.6
759.5
759.4
759.4
759.3
759.3
759.2
759.2
759.2
759.1
759.1
759.0
759.0
758.9
758.9
758.8
758.8
758.8
758.7
758.7
758.7
758.6
758.6
758.5
758.5
758.5
758.4
758.4
758.4
758.4
758.3
758.3
758.3
758.3
758.2
758.2
758.2
758.2
758.2
758.1
758.1
758.1
758.1
758.1
758.1
758.1
758.1
758.1
758.1
758.0
758.0
758.0
758.0
758.0
758.1
758.1
758.1
758.1
758.1
758.1
758.1
758.1
758.1
758.2
758.2
758.2
758.2
758.2
758.3
758.3
758.3
758.3
758.3
758.4
758.4
758.4
758.5
758.5
758.5
758.5
758.6
758.6
758.6
758.7
758.7
758.7
758.8
758.8
758.8
758.9
758.9
759.0
759.0
759.0
759.1
759.1
759.2
759.2
759.2
759.3
759.3
759.4
759.4
759.5
759.5
759.6
759.6
759.7
759.7
759.8
759.8
759.9
759.9
760.0
760.0
760.1
760.1
760.2
760.2
760.3
760.3
760.4
760.4
760.5
760.5
760.6
760.6
760.7
760.7
760.7
760.8
760.8
760.9
760.9
760.9
761.0
761.0
761.1
761.1
761.1
761.2
761.2
761.3
761.3
761.3
761.4
761.4
761.4
761.5
761.5
761.5
761.6
761.6
761.6
761.6
761.7
761.7
761.7
761.7
761.8
761.8
761.8
761.8
761.8
761.9
761.9
761.9
761.9
761.9
761.9
761.9
762.0
762.0
762.0
762.0
762.0
762.0
762.0
762.0
762.0
762.0
762.0
762.0
762.0
762.0
762.0
762.0
762.0
761.9
761.9
761.9
761.9
761.9
761.9
761.9
761.9
761.8
761.8
761.8
761.8
761.8
761.7
761.7
761.7
761.7
761.6
761.6
761.6
761.5
761.5
761.5
761.4
761.4
761.3
761.3
761.3
761.2
761.2
761.1
761.1
761.0
761.0
760.9
760.9
760.9
760.8
760.8
760.7
760.7
760.6
760.6
760.5
760.5
760.4
760.3
760.3
760.2
760.2
760.1
760.1
760.0
760.0
759.9
759.9
759.8
759.8
759.7
759.7
759.6
759.6
759.6
759.5
759.5
759.4
759.4
759.3
759.3
759.2
759.2
759.1
759.1
759.0
759.0
759.0
758.9
758.9
758.8
758.8
758.7
758.7
758.7
758.6
758.6
758.6
758.5
758.5
758.5
758.4
758.4
758.4
758.3
758.3
758.3
758.3
758.2
758.2
758.2
758.2
758.2
758.2
758.1
758.1
758.1
758.1
758.1
758.1
758.1
758.1
758.1
758.1
758.1
758.1
758.1
758.1
758.1
758.1
758.1
758.1
758.1
758.1
758.1
758.1
758.2
758.2
758.2
758.2
758.2
758.2
758.3
758.3
758.3
758.3
758.4
758.4
758.4
758.5
758.5
758.5
758.6
758.6
758.6
758.7
758.7
758.7
758.8
758.8
758.9
758.9
758.9
759.0
759.0
759.1
759.1
759.1
759.2
759.2
759.3
759.3
759.4
759.4
759.4
759.5
759.5
759.6
759.6
759.7
759.7
759.8
759.8
759.8
759.9
759.9
760.0
760.0
760.1
760.1
760.2
760.2
760.3
760.3
760.4
760.4
760.5
760.5
760.6
760.6
760.6
760.7
760.7
760.8
760.8
760.9
760.9
761.0
761.0
761.1
761.1
761.1
761.2
761.2
761.3
761.3
761.3
761.4
761.4
761.4
761.4
761.5
761.5
761.5
761.6
761.6
761.6
761.6
761.7
761.7
761.7
761.7
761.7
761.8
761.8
761.8
761.8
761.8
761.8
761.9
761.9
761.9
761.9
761.9
761.9
761.9
761.9
761.9
761.9
761.9
761.9
761.9
761.9
761.9
761.9
761.9
761.9
761.9
761.9
761.9
761.9
761.9
761.9
761.8
761.8
761.8
761.8
761.8
761.8
761.7
761.7
761.7
761.7
761.6
761.6
761.6
761.6
761.5
761.5
761.5
761.5
761.4
761.4
761.4
761.3
761.3
761.3
761.2
761.2
761.2
761.1
761.1
761.1
761.0
761.0
760.9
760.9
760.8
760.8
760.8
760.7
760.7
760.6
760.6
760.5
760.5
760.4
760.4
760.3
760.3
760.2
760.2
760.1
760.1
760.0
760.0
759.9
759.9
759.8
759.8
759.7
759.7
759.6
759.6
759.5
759.5
759.4
759.4
759.3
759.3
759.3
759.2
759.2
759.1
759.1
759.0
759.0
759.0
758.9
758.9
758.8
758.8
758.8
758.7
758.7
758.7
758.6
758.6
758.6
758.5
758.5
758.5
758.4
758.4
758.4
758.4
758.3
758.3
758.3
758.3
758.2
758.2
758.2
758.2
758.2
758.2
758.1
758.1
758.1
758.1
758.1
758.1
758.1
758.1
758.1
758.1
758.1
758.1
758.1
758.1
758.1
758.1
758.1
758.1
758.2
758.2
758.2
758.2
758.2
758.2
758.3
758.3
758.3
758.3
758.3
758.4
758.4
758.4
758.5
758.5
758.5
758.5
758.6
758.6
758.6
758.7
758.7
758.8
758.8
758.8
758.9
758.9
759.0
759.0
759.0
759.1
759.1
759.2
759.2
759.3
759.3
759.4
759.4
759.5
759.5
759.6
759.6
759.6
759.7
759.7
759.8
759.8
759.9
759.9
760.0
760.0
760.1
760.1
760.2
760.2
760.2
760.3
760.3
760.4
760.4
760.5
760.5
760.6
760.6
760.6
760.7
760.7
760.8
760.8
760.9
760.9
760.9
761.0
761.0
761.1
761.1
761.1
761.2
761.2
761.3
761.3
761.3
761.4
761.4
761.4
761.5
761.5
761.5
761.6
761.6
761.6
761.6
761.7
761.7
761.7
761.7
761.7
761.8
761.8
761.8
761.8
761.8
761.8
761.8
761.8
761.8
761.9
761.9
761.9
761.9
761.9
761.9
761.9
761.9
761.9
761.9
761.9
761.9
761.9
761.9
761.9
761.8
761.8
761.8
761.8
761.8
761.8
761.8
761.8
761.7
761.7
761.7
761.7
761.7
761.6
761.6
761.6
761.6
761.5
761.5
761.5
761.5
761.4
761.4
761.4
761.3
761.3
761.3
761.3
761.2
761.2
761.1
761.1
761.1
761.0
761.0
761.0
760.9
760.9
760.9
760.8
760.8
760.7
760.7
760.7
760.6
760.6
760.5
760.5
760.4
760.4
760.4
760.3
760.3
760.2
760.2
760.1
760.1
760.0
760.0
759.9
759.9
759.9
759.8
759.8
759.7
759.7
759.6
759.6
759.5
759.5
759.4
759.4
759.3
759.3
759.2
759.2
759.2
759.1
759.1
759.0
759.0
759.0
758.9
758.9
758.8
758.8
758.8
758.7
758.7
758.7
758.6
758.6
758.6
758.6
758.5
758.5
758.5
758.5
758.4
758.4
758.4
758.4
758.4
758.3
758.3
758.3
758.3
758.3
758.2
758.2
758.2
758.2
758.2
758.2
758.2
758.2
758.2
758.2
758.2
758.2
758.2
758.2
758.2
758.2
758.2
758.2
758.2
758.2
758.2
758.2
758.2
758.3
758.3
758.3
758.3
758.3
758.3
758.4
758.4
758.4
758.4
758.5
758.5
758.5
758.6
758.6
758.6
758.7
758.7
758.7
758.8
758.8
758.8
758.9
758.9
758.9
759.0
759.0
759.1
759.1
759.2
759.2
759.2
759.3
759.3
759.4
759.4
759.5
759.5
759.6
759.6
759.7
759.7
759.8
759.8
759.9
759.9
760.0
760.0
760.1
760.1
760.2
760.2
760.3
760.3
760.4
760.4
760.5
760.5
760.5
760.6
760.6
760.7
760.7
760.8
760.8
760.8
760.9
760.9
761.0
761.0
761.0
761.1
761.1
761.1
761.2
761.2
761.2
761.3
761.3
761.3
761.4
761.4
761.4
761.5
761.5
761.5
761.5
761.6
761.6
761.6
761.6
761.7
761.7
761.7
761.7
761.8
761.8
761.8
761.8
761.8
761.8
761.8
761.9
761.9
761.9
761.9
761.9
761.9
761.9
761.9
761.9
761.9
761.9
761.9
761.9
761.8
761.8
761.8
761.8
761.8
761.8
761.8
761.8
761.8
761.7
761.7
761.7
761.7
761.7
761.6
761.6
761.6
761.6
761.6
761.5
761.5
761.5
761.4
761.4
761.4
761.4
761.3
761.3
761.3
761.2
761.2
761.2
761.1
761.1
761.1
761.0
761.0
760.9
760.9
760.9
760.8
760.8
760.7
760.7
760.7
760.6
760.6
760.5
760.5
760.5
760.4
760.4
760.3
760.3
760.2
760.2
760.2
760.1
760.1
760.0
760.0
760.0
759.9
759.9
759.8
759.8
759.8
759.7
759.7
759.6
759.6
759.5
759.5
759.5
759.4
759.4
759.3
759.3
759.3
759.2
759.2
759.1
759.1
759.1
759.0
759.0
758.9
758.9
758.9
758.8
758.8
758.8
758.7
758.7
758.7
758.6
758.6
758.6
758.6
758.5
758.5
758.5
758.5
758.4
758.4
758.4
758.4
758.4
758.3
758.3
758.3
758.3
758.3
758.3
758.3
758.3
758.3
758.3
758.3
758.3
758.3
758.3
758.3
758.3
758.3
758.3
758.3
758.3
758.3
758.3
758.3
758.3
758.3
758.3
758.3
758.3
758.4
758.4
758.4
758.4
758.4
758.4
758.5
758.5
758.5
758.5
758.6
758.6
758.6
758.7
758.7
758.7
758.7
758.8
758.8
758.8
758.9
758.9
759.0
759.0
759.0
759.1
759.1
759.2
759.2
759.2
759.3
759.3
759.4
759.4
759.5
759.5
759.5
759.6
759.6
759.7
759.7
759.8
759.8
759.9
759.9
760.0
760.0
760.1
760.1
760.2
760.2
760.3
760.3
760.4
760.4
760.5
760.5
760.6
760.6
760.7
760.7
760.7
760.8
760.8
760.9
760.9
761.0
761.0
761.0
761.1
761.1
761.2
761.2
761.2
761.3
761.3
761.3
761.4
761.4
761.4
761.4
761.5
761.5
761.5
761.5
761.6
761.6
761.6
761.6
761.7
761.7
761.7
761.7
761.7
761.7
761.8
761.8
761.8
761.8
761.8
761.8
761.8
761.8
761.8
761.8
761.8
761.8
761.8
761.9
761.9
761.9
761.8
761.8
761.8
761.8
761.8
761.8
761.8
761.8
761.8
761.8
761.8
761.7
761.7
761.7
761.7
761.7
761.6
761.6
761.6
761.6
761.5
761.5
761.5
761.4
761.4
761.4
761.4
761.3
761.3
761.3
761.2
761.2
761.2
761.1
761.1
761.1
761.0
761.0
760.9
760.9
760.9
760.8
760.8
760.7
760.7
760.7
760.6
760.6
760.5
760.5
760.5
760.4
760.4
760.3
760.3
760.2
760.2
760.2
760.1
760.1
760.0
760.0
759.9
759.9
759.9
759.8
759.8
759.7
759.7
759.6
759.6
759.6
759.5
759.5
759.5
759.4
759.4
759.3
759.3
759.3
759.2
759.2
759.2
759.1
759.1
759.1
759.0
759.0
759.0
758.9
758.9
758.9
758.8
758.8
758.8
758.8
758.7
758.7
758.7
758.6
758.6
758.6
758.6
758.5
758.5
758.5
758.5
758.5
758.4
758.4
758.4
758.4
758.4
758.4
758.4
758.3
758.3
758.3
758.3
758.3
758.3
758.3
758.3
758.3
758.3
758.3
758.3
758.3
758.3
758.3
758.3
758.4
758.4
758.4
758.4
758.4
758.4
758.4
758.5
758.5
758.5
758.5
758.5
758.5
758.6
758.6
758.6
758.6
758.6
758.7
758.7
758.7
758.7
758.8
758.8
758.8
758.9
758.9
758.9
759.0
759.0
759.0
759.1
759.1
759.1
759.2
759.2
759.3
759.3
759.3
759.4
759.4
759.5
759.5
759.5
759.6
759.6
759.7
759.7
759.8
759.8
759.9
759.9
759.9
760.0
760.0
760.1
760.1
760.2
760.2
760.3
760.3
760.4
760.4
760.5
760.5
760.5
760.6
760.6
760.7
760.7
760.8
760.8
760.8
760.9
760.9
761.0
761.0
761.1
761.1
761.1
761.2
761.2
761.3
761.3
761.3
761.4
761.4
761.4
761.5
761.5
761.5
761.5
761.6
761.6
761.6
761.6
761.7
761.7
761.7
761.7
761.7
761.7
761.8
761.8
761.8
761.8
761.8
761.8
761.8
761.8
761.8
761.8
761.8
761.8
761.8
761.8
761.8
761.8
761.8
761.8
761.8
761.8
761.8
761.8
761.8
761.8
761.7
761.7
761.7
761.7
761.7
761.7
761.7
761.6
761.6
761.6
761.6
761.6
761.5
761.5
761.5
761.5
761.4
761.4
761.4
761.3
761.3
761.3
761.2
761.2
761.1
761.1
761.1
761.0
761.0
761.0
760.9
760.9
760.8
760.8
760.8
760.7
760.7
760.6
760.6
760.6
760.5
760.5
760.4
760.4
760.3
760.3
760.3
760.2
760.2
760.1
760.1
760.0
760.0
759.9
759.9
759.9
759.8
759.8
759.7
759.7
759.7
759.6
759.6
759.5
759.5
759.5
759.4
759.4
759.3
759.3
759.3
759.2
759.2
759.2
759.1
759.1
759.1
759.0
759.0
759.0
758.9
758.9
758.9
758.9
758.8
758.8
758.8
758.8
758.7
758.7
758.7
758.7
758.6
758.6
758.6
758.6
758.6
758.6
758.5
758.5
758.5
758.5
758.5
758.5
758.4
758.4
758.4
758.4
758.4
758.4
758.4
758.4
758.4
