4.268
4.263
4.258
4.253
4.248
4.244
4.239
4.235
4.23
4.226
4.222
4.219
4.215
4.212
4.209
4.206
4.203
4.2
4.198
4.196
4.193
4.192
4.19
4.188
4.187
4.186
4.185
4.184
4.183
4.183
4.182
4.182
4.182
4.182
4.182
4.182
4.183
4.183
4.184
4.185
4.185
4.186
4.187
4.188
4.189
4.191
4.192
4.193
4.195
4.196
4.198
4.199
4.201
4.203
4.205
4.207
4.209
4.211
4.213
4.215
4.217
4.219
4.221
4.224
4.226
4.229
4.231
4.234
4.236
4.239
4.241
4.244
4.247
4.25
4.253
4.256
4.259
4.262
4.266
4.269
4.272
4.276
4.279
4.283
4.287
4.291
4.295
4.299
4.303
4.307
4.311
4.316
4.32
4.324
4.329
4.333
4.338
4.342
4.347
4.352
4.356
4.361
4.366
4.37
4.375
4.379
4.384
4.389
4.393
4.397
4.402
4.406
4.41
4.414
4.418
4.422
4.426
4.429
4.433
4.436
4.44
4.443
4.446
4.448
4.451
4.453
4.456
4.458
4.46
4.462
4.463
4.465
4.466
4.468
4.469
4.47
4.471
4.472
4.473
4.473
4.474
4.474
4.475
4.475
4.476
4.476
4.476
4.476
4.476
4.476
4.476
4.477
4.477
4.477
4.477
4.477
4.477
4.477
4.477
4.477
4.477
4.478
4.478
4.478
4.479
4.479
4.479
4.48
4.48
4.48
4.481
4.481
4.482
4.482
4.483
4.483
4.484
4.484
4.485
4.485
4.485
4.486
4.486
4.486
4.487
4.487
4.487
4.487
4.487
4.487
4.487
4.487
4.487
4.487
4.486
4.486
4.486
4.485
4.484
4.484
4.483
4.482
4.481
4.48
4.479
4.478
4.476
4.475
4.474
4.472
4.471
4.469
4.468
4.466
4.464
4.462
4.461
4.459
4.457
4.455
4.453
4.451
4.449
4.448
4.446
4.444
4.442
4.44
4.438
4.436
4.435
4.433
4.431
4.429
4.428
4.426
4.424
4.423
4.421
4.42
4.418
4.417
4.416
4.414
4.413
4.412
4.41
4.409
4.408
4.407
4.406
4.404
4.403
4.402
4.401
4.4
4.398
4.397
4.396
4.394
4.393
4.392
4.39
4.389
4.387
4.385
4.384
4.382
4.38
4.378
4.377
4.375
4.373
4.371
4.369
4.367
4.365
4.363
4.36
4.358
4.356
4.354
4.352
4.35
4.348
4.346
4.344
4.342
4.34
4.338
4.336
4.334
4.333
4.331
4.33
4.328
4.327
4.326
4.325
4.324
4.324
4.323
4.323
4.323
4.323
4.323
4.323
4.323
4.324
4.324
4.325
4.326
4.327
4.328
4.33
4.331
4.333
4.335
4.337
4.339
4.341
4.343
4.345
4.348
4.351
4.353
4.356
4.359
4.362
4.365
4.368
4.371
4.374
4.377
4.381
4.384
4.387
4.391
4.394
4.397
4.401
4.404
4.408
4.411
4.415
4.418
4.422
4.425
4.429
4.432
4.436
4.44
4.443
4.447
4.451
4.454
4.458
4.462
4.465
4.469
4.473
4.477
4.481
4.485
4.489
4.493
4.497
4.501
4.505
4.509
4.513
4.518
4.522
4.527
4.531
4.536
4.54
4.545
4.55
4.555
4.56
4.564
4.569
4.575
4.58
4.585
4.59
4.595
4.6
4.606
4.611
4.616
4.621
4.626
4.632
4.637
4.642
4.647
4.652
4.657
4.662
4.667
4.672
4.677
4.681
4.686
4.69
4.695
4.699
4.703
4.707
4.711
4.715
4.719
4.722
4.726
4.729
4.732
4.735
4.738
4.741
4.744
4.747
4.749
4.751
4.754
4.756
4.758
4.76
4.762
4.764
4.766
4.768
4.77
4.771
4.773
4.775
4.776
4.778
4.779
4.781
4.782
4.784
4.785
4.787
4.788
4.79
4.791
4.793
4.794
4.796
4.798
4.799
4.801
4.802
4.804
4.806
4.808
4.809
4.811
4.813
4.814
4.816
4.818
4.82
4.821
4.823
4.825
4.827
4.828
4.83
4.832
4.833
4.835
4.836
4.838
4.839
4.841
4.842
4.843
4.845
4.846
4.847
4.848
4.849
4.85
4.851
4.851
4.852
4.853
4.853
4.854
4.854
4.854
4.854
4.855
4.855
4.855
4.855
4.854
4.854
4.854
4.854
4.853
4.853
4.852
4.852
4.851
4.851
4.85
4.85
4.849
4.849
4.848
4.847
4.847
4.846
4.846
4.845
4.844
4.844
4.843
4.843
4.842
4.842
4.841
4.841
4.841
4.84
4.84
4.839
4.839
4.839
4.838
4.838
4.838
4.838
4.837
4.837
4.837
4.836
4.836
4.835
4.835
4.834
4.834
4.833
4.833
4.832
4.831
4.831
4.83
4.829
4.828
4.827
4.825
4.824
4.823
4.821
4.82
4.818
4.816
4.814
4.812
4.81
4.808
4.806
4.804
4.801
4.799
4.797
4.794
4.791
4.789
4.786
4.783
4.78
4.777
4.774
4.771
4.768
4.765
4.762
4.759
4.756
4.753
4.75
4.747
4.744
4.741
4.738
4.735
4.732
4.729
4.727
4.724
4.721
4.718
4.716
4.713
4.71
4.708
4.705
4.703
4.7
4.698
4.696
4.693
4.691
4.689
4.686
4.684
4.682
4.68
4.678
4.676
4.674
4.671
4.669
4.667
4.665
4.663
4.661
4.659
4.657
4.654
4.652
4.65
4.648
4.645
4.643
4.641
4.638
4.636
4.633
4.631
4.628
4.626
4.623
4.62
4.618
4.615
4.612
4.609
4.606
4.603
4.6
4.598
4.595
4.592
4.589
4.586
4.583
4.58
4.577
4.574
4.571
4.568
4.565
4.562
4.559
4.556
4.554
4.551
4.548
4.545
4.543
4.54
4.538
4.535
4.533
4.531
4.528
4.526
4.524
4.522
4.52
4.518
4.516
4.514
4.512
4.511
4.509
4.507
4.506
4.504
4.502
4.501
4.499
4.498
4.496
4.495
4.493
4.492
4.49
4.489
4.487
4.486
4.484
4.483
4.481
4.479
4.478
4.476
4.475
4.473
4.471
4.469
4.468
4.466
4.464
4.462
4.46
4.459
4.457
4.455
4.453
4.451
4.449
4.447
4.446
4.444
4.442
4.44
4.439
4.437
4.435
4.434
4.432
4.431
4.429
4.428
4.427
4.426
4.424
4.423
4.423
4.422
4.421
4.42
4.42
4.419
4.419
4.419
4.419
4.419
4.419
4.419
4.419
4.42
4.42
4.421
4.421
4.422
4.423
4.424
4.425
4.426
4.427
4.429
4.43
4.431
4.433
4.434
4.436
4.438
4.439
4.441
4.443
4.444
4.446
4.448
4.45
4.452
4.454
4.456
4.458
4.459
4.461
4.463
4.465
4.467
4.469
4.471
4.473
4.475
4.477
4.479
4.481
4.483
4.485
4.487
4.489
4.491
4.493
4.495
4.497
4.499
4.501
4.503
4.506
4.508
4.51
4.513
4.515
4.517
4.52
4.522
4.525
4.528
4.53
4.533
4.536
4.539
4.542
4.545
4.548
4.551
4.554
4.558
4.561
4.564
4.568
4.571
4.575
4.578
4.582
4.585
4.589
4.592
4.596
4.6
4.603
4.607
4.611
4.614
4.618
4.622
4.625
4.629
4.632
4.636
4.639
4.643
4.646
4.65
4.653
4.656
4.659
4.662
4.665
4.668
4.671
4.674
4.677
4.679
4.682
4.684
4.687
4.689
4.691
4.693
4.696
4.698
4.7
4.702
4.704
4.705
4.707
4.709
4.711
4.712
4.714
4.715
4.717
4.719
4.72
4.721
4.723
4.724
4.726
4.727
4.729
4.73
4.731
4.733
4.734
4.735
4.737
4.738
4.739
4.741
4.742
4.744
4.745
4.746
4.748
4.749
4.75
4.752
4.753
4.754
4.756
4.757
4.758
4.759
4.76
4.762
4.763
4.764
4.765
4.766
4.767
4.768
4.768
4.769
4.77
4.77
4.771
4.771
4.772
4.772
4.772
4.772
4.772
4.772
4.772
4.772
4.772
4.771
4.771
4.77
4.77
4.769
4.768
4.767
4.766
4.765
4.764
4.763
4.762
4.761
4.759
4.758
4.756
4.755
4.753
4.752
4.75
4.748
4.747
4.745
4.743
4.741
4.74
4.738
4.736
4.734
4.733
4.731
4.729
4.727
4.725
4.723
4.722
4.72
4.718
4.716
4.715
4.713
4.711
4.709
4.707
4.706
4.704
4.702
4.7
4.698
4.697
4.695
4.693
4.691
4.689
4.687
4.685
4.683
4.681
4.679
4.677
4.675
4.672
4.67
4.668
4.665
4.663
4.661
4.658
4.655
4.653
4.65
4.647
4.645
4.642
4.639
4.636
4.633
4.63
4.627
4.624
4.62
4.617
4.614
4.611
4.608
4.604
4.601
4.598
4.595
4.591
4.588
4.585
4.581
4.578
4.575
4.572
4.569
4.565
4.562
4.559
4.556
4.553
4.55
4.548
4.545
4.542
4.539
4.537
4.534
4.532
4.529
4.527
4.524
4.522
4.52
4.518
4.516
4.514
4.512
4.51
4.508
4.506
4.504
4.502
4.501
4.499
4.497
4.496
4.494
4.492
4.491
4.489
4.488
4.486
4.485
4.483
4.482
4.481
4.479
4.478
4.476
4.475
4.473
4.472
4.471
4.469
4.468
4.466
4.465
4.464
4.462
4.461
4.459
4.458
4.457
4.455
4.454
4.453
4.451
4.45
4.449
4.448
4.446
4.445
4.444
4.443
4.442
4.441
4.441
4.44
4.439
4.438
4.438
4.437
4.437
4.436
4.436
4.436
4.436
4.436
4.436
4.436
4.436
4.436
4.436
4.437
4.437
4.438
4.438
4.439
4.439
4.44
4.441
4.442
4.443
4.444
4.444
4.445
4.446
4.448
4.449
4.45
4.451
4.452
4.453
4.454
4.455
4.457
4.458
4.459
4.46
4.461
4.462
4.463
4.465
4.466
4.467
4.468
4.469
4.47
4.471
4.472
4.473
4.475
4.476
4.477
4.478
4.479
4.48
4.481
4.482
4.483
4.485
4.486
4.487
4.488
4.49
4.491
4.492
4.494
4.495
4.497
4.498
4.5
4.501
4.503
4.505
4.506
4.508
4.51
4.512
4.514
4.516
4.518
4.521
4.523
4.525
4.528
4.53
4.533
4.535
4.538
4.54
4.543
4.546
4.548
4.551
4.554
4.557
4.56
4.563
4.566
4.568
4.571
4.574
4.577
4.58
4.583
4.586
4.589
4.592
4.595
4.598
4.6
4.603
4.606
4.609
4.612
4.614
4.617
4.62
4.622
4.625
4.627
4.63
4.632
4.635
4.637
4.64
4.642
4.644
4.647
4.649
4.651
4.653
4.656
4.658
4.66
4.662
4.664
4.667
4.669
4.671
4.673
4.675
4.677
4.68
4.682
4.684
4.686
4.688
4.691
4.693
4.695
4.697
4.7
4.702
4.704
4.706
4.709
4.711
4.713
4.716
4.718
4.72
4.722
4.725
4.727
4.729
4.732
4.734
4.736
4.738
4.74
4.742
4.745
4.747
4.749
4.751
4.753
4.754
4.756
4.758
4.76
4.761
4.763
4.765
4.766
4.767
4.769
4.77
4.771
4.772
4.773
4.774
4.775
4.776
4.777
4.777
4.778
4.779
4.779
4.78
4.78
4.78
4.781
4.781
4.781
4.781
4.781
4.781
4.781
4.781
4.781
4.781
4.78
4.78
4.78
4.78
4.78
4.779
4.779
4.779
4.778
4.778
4.778
4.777
4.777
4.776
4.776
4.776
4.775
4.775
4.775
4.774
4.774
4.773
4.773
4.772
4.772
4.771
4.771
4.77
4.77
4.769
4.769
4.768
4.767
4.767
4.766
4.765
4.764
4.764
4.763
4.762
4.761
4.76
4.759
4.757
4.756
4.755
4.754
4.752
4.751
4.749
4.748
4.746
4.744
4.743
4.741
4.739
4.737
4.735
4.733
4.731
4.729
4.726
4.724
4.722
4.719
4.717
4.715
4.712
4.71
4.707
4.705
4.702
4.699
4.697
4.694
4.692
4.689
4.686
4.684
4.681
4.679
4.676
4.673
4.671
4.668
4.665
4.663
4.66
4.658
4.655
4.653
4.65
4.648
4.645
4.643
4.64
4.638
4.635
4.633
4.631
4.628
4.626
4.623
4.621
4.618
4.616
4.614
4.611
4.609
4.606
4.604
4.601
4.599
4.596
4.594
4.591
4.589
4.586
4.583
4.581
4.578
4.575
4.573
4.57
4.567
4.564
4.562
4.559
4.556
4.553
4.55
4.547
4.545
4.542
4.539
4.536
4.533
4.53
4.527
4.524
4.522
4.519
4.516
4.513
4.511
4.508
4.505
4.503
4.5
4.497
4.495
4.493
4.49
4.488
4.485
4.483
4.481
4.479
4.477
4.475
4.473
4.471
4.469
4.468
4.466
4.465
4.463
4.462
4.46
4.459
4.458
4.456
4.455
4.454
4.453
4.452
4.451
4.45
4.45
4.449
4.448
4.447
4.447
4.446
4.445
4.445
4.444
4.444
4.443
4.443
4.442
4.442
4.442
4.441
4.441
4.441
4.44
4.44
4.44
4.439
4.439
4.439
4.439
4.439
4.439
4.438
4.438
4.438
4.438
4.438
4.438
4.438
4.438
4.439
4.439
4.439
4.439
4.44
4.44
4.441
4.441
4.442
4.442
4.443
4.444
4.445
4.445
4.446
4.447
4.448
4.45
4.451
4.452
4.453
4.455
4.456
4.458
4.459
4.461
4.463
4.464
4.466
4.468
4.47
4.472
4.474
4.476
4.478
4.48
4.483
4.485
4.487
4.489
4.492
4.494
4.496
4.498
4.501
4.503
4.506
4.508
4.51
4.513
4.515
4.517
4.52
4.522
4.525
4.527
4.529
4.532
4.534
4.536
4.539
4.541
4.543
4.546
4.548
4.55
4.553
4.555
4.557
4.559
4.562
4.564
4.566
4.569
4.571
4.573
4.576
4.578
4.581
4.583
4.585
4.588
4.59
4.593
4.595
4.598
4.601
4.603
4.606
4.609
4.611
4.614
4.617
4.619
4.622
4.625
4.628
4.631
4.634
4.637
4.639
4.642
4.645
4.648
4.651
4.654
4.657
4.66
4.663
4.666
4.669
4.672
4.675
4.678
4.681
4.684
4.687
4.689
4.692
4.695
4.698
4.7
4.703
4.706
4.708
4.711
4.713
4.716
4.718
4.72
4.723
4.725
4.727
4.729
4.731
4.733
4.735
4.737
4.739
4.741
4.743
4.744
4.746
4.748
4.749
4.751
4.752
4.754
4.755
4.757
4.758
4.759
4.761
4.762
4.763
4.764
4.765
4.767
4.768
4.769
4.77
4.771
4.772
4.773
4.774
4.775
4.776
4.777
4.778
4.779
4.779
4.78
4.781
4.782
4.782
4.783
4.784
4.784
4.785
4.786
4.786
4.787
4.787
4.788
4.788
4.788
4.788
4.789
4.789
4.789
4.789
4.789
4.789
4.789
4.788
4.788
4.788
4.787
4.787
4.786
4.786
4.785
4.784
4.783
4.782
4.781
4.78
4.779
4.778
4.777
4.775
4.774
4.773
4.771
4.769
4.768
4.766
4.765
4.763
4.761
4.759
4.757
4.755
4.753
4.751
4.749
4.747
4.745
4.743
4.741
4.739
4.737
4.735
4.733
4.73
4.728
4.726
4.724
4.722
4.72
4.717
4.715
4.713
4.711
4.709
4.706
4.704
4.702
4.7
4.698
4.695
4.693
4.691
4.689
4.687
4.684
4.682
4.68
4.678
4.675
4.673
4.671
4.668
4.666
4.664
4.661
4.659
4.656
4.654
4.651
4.649
4.646
4.644
4.641
4.639
4.636
4.633
4.631
4.628
4.625
4.622
4.62
4.617
4.614
4.611
4.608
4.606
4.603
4.6
4.597
4.594
4.591
4.589
4.586
4.583
4.58
4.577
4.574
4.572
4.569
4.566
4.563
4.561
4.558
4.555
4.553
4.55
4.548
4.545
4.543
4.54
4.538
4.535
4.533
4.531
4.529
4.526
4.524
4.522
4.52
4.518
4.516
4.514
4.512
4.51
4.508
4.506
4.504
4.503
4.501
4.499
4.497
4.496
4.494
4.492
4.491
4.489
4.487
4.486
4.484
4.483
4.481
4.48
4.478
4.477
4.475
4.474
4.472
4.471
4.469
4.468
4.466
4.465
4.463
4.462
4.461
4.459
4.458
4.457
4.455
4.454
4.453
4.452
4.451
4.449
4.448
4.447
4.446
4.445
4.444
4.443
4.443
4.442
4.441
4.44
4.44
4.439
4.439
4.438
4.438
4.438
4.437
4.437
4.437
4.437
4.437
4.437
4.437
4.437
4.438
4.438
4.438
4.439
4.439
4.44
4.44
4.441
4.442
4.442
4.443
4.444
4.445
4.446
4.447
4.448
4.449
4.45
4.451
4.452
4.454
4.455
4.456
4.457
4.459
4.46
4.461
4.463
4.464
4.465
4.467
4.468
4.47
4.471
4.473
4.474
4.476
4.477
4.479
4.48
4.482
4.484
4.485
4.487
4.489
4.49
4.492
4.494
4.495
4.497
4.499
4.501
4.503
4.505
4.507
4.509
4.511
4.513
4.515
4.517
4.519
4.521
4.523
4.526
4.528
4.53
4.533
4.535
4.538
4.54
4.543
4.545
4.548
4.55
4.553
4.556
4.558
4.561
4.564
4.567
4.569
4.572
4.575
4.578
4.581
4.584
4.587
4.589
4.592
4.595
4.598
4.601
4.604
4.607
4.609
4.612
4.615
4.618
4.62
4.623
4.626
4.629
4.631
4.634
4.637
4.639
4.642
4.644
4.647
4.649
4.652
4.654
4.657
4.659
4.661
4.664
4.666
4.668
4.67
4.673
4.675
4.677
4.679
4.681
4.683
4.686
4.688
4.69
4.692
4.694
4.696
4.698
4.7
4.702
4.704
4.706
4.708
4.71
4.712
4.714
4.716
4.718
4.72
4.722
4.724
4.726
4.728
4.73
4.732
4.734
4.736
4.737
4.739
4.741
4.743
4.745
4.747
4.748
4.75
4.752
4.753
4.755
4.757
4.758
4.76
4.761
4.763
4.764
4.766
4.767
4.768
4.769
4.771
4.772
4.773
4.774
4.775
4.776
4.777
4.778
4.778
4.779
4.78
4.78
4.781
4.781
4.782
4.782
4.783
4.783
4.783
4.783
4.784
4.784
4.784
4.784
4.784
4.784
4.784
4.783
4.783
4.783
4.783
4.782
4.782
4.782
4.781
4.781
4.781
4.78
4.78
4.779
4.779
4.778
4.778
4.777
4.776
4.776
4.775
4.774
4.773
4.773
4.772
4.771
4.77
4.769
4.768
4.767
4.766
4.765
4.764
4.763
4.762
4.761
4.76
4.758
4.757
4.756
4.754
4.753
4.752
4.75
4.748
4.747
4.745
4.743
4.742
4.74
4.738
4.736
4.734
4.732
4.73
4.728
4.725
4.723
4.721
4.718
4.716
4.714
4.711
4.709
4.706
4.703
4.701
4.698
4.696
4.693
4.69
4.687
4.684
4.682
4.679
4.676
4.673
4.67
4.667
4.665
4.662
4.659
4.656
4.653
4.65
4.647
4.644
4.641
4.639
4.636
4.633
4.63
4.627
4.624
4.622
4.619
4.616
4.613
4.61
4.608
4.605
4.602
4.599
4.597
4.594
4.591
4.589
4.586
4.583
4.581
4.578
4.575
4.573
4.57
4.567
4.565
4.562
4.559
4.557
4.554
4.552
4.549
4.546
4.544
4.541
4.539
4.536
4.533
4.531
4.528
4.526
4.523
4.521
4.518
4.516
4.513
4.511
4.508
4.506
4.503
4.501
4.499
4.496
4.494
4.492
4.489
4.487
4.485
4.483
4.481
4.479
4.477
4.475
4.473
4.471
4.469
4.468
4.466
4.464
4.463
4.461
4.46
4.458
4.457
4.455
4.454
4.453
4.452
4.451
4.45
4.449
4.448
4.447
4.446
4.445
4.444
4.444
4.443
4.442
4.442
4.441
4.441
4.44
4.44
4.44
4.439
4.439
4.439
4.439
4.438
4.438
4.438
4.438
4.438
4.438
4.438
4.438
4.438
4.438
4.438
4.438
4.439
4.439
4.439
4.439
4.44
4.44
4.44
4.441
4.441
4.441
4.442
4.442
4.443
4.444
4.444
4.445
4.446
4.446
4.447
4.448
4.449
4.45
4.451
4.452
4.453
4.454
4.455
4.456
4.458
4.459
4.46
4.462
4.463
4.465
4.467
4.468
4.47
4.472
4.473
4.475
4.477
4.479
4.481
4.483
4.485
4.487
4.489
4.492
4.494
4.496
4.498
4.501
4.503
4.506
4.508
4.51
4.513
4.515
4.518
4.52
4.523
4.526
4.528
4.531
4.533
4.536
4.538
4.541
4.544
4.546
4.549
4.552
4.554
4.557
4.56
4.562
4.565
4.568
4.57
4.573
4.576
4.578
4.581
4.584
4.586
4.589
4.592
4.595
4.597
4.6
4.603
4.605
4.608
4.611
4.614
4.616
4.619
4.622
4.625
4.627
4.63
4.633
4.636
4.639
4.641
4.644
4.647
4.65
4.653
4.655
4.658
4.661
4.664
4.667
4.67
4.672
4.675
4.678
4.681
4.683
4.686
4.689
4.692
4.694
4.697
4.7
4.702
4.705
4.707
4.71
4.712
4.715
4.717
4.72
4.722
4.724
4.727
4.729
4.731
4.733
4.735
4.737
4.739
4.741
4.743
4.745
4.747
4.748
4.75
4.752
4.753
4.755
4.756
4.758
4.759
4.76
4.762
4.763
4.764
4.765
4.766
4.767
4.768
4.769
4.77
4.771
4.772
4.773
4.773
4.774
4.775
4.775
4.776
4.777
4.777
4.778
4.778
4.778
4.779
4.779
4.78
4.78
4.78
4.78
4.781
4.781
4.781
4.781
4.781
4.781
4.781
4.781
4.781
4.781
4.781
4.781
4.781
4.781
4.78
4.78
4.78
4.779
4.779
4.778
4.778
4.777
4.777
4.776
4.775
4.774
4.774
4.773
4.772
4.771
4.77
4.769
4.768
4.767
4.765
4.764
4.763
4.762
4.76
4.759
4.757
4.756
4.754
4.753
4.751
4.749
4.748
4.746
4.744
4.742
4.74
4.739
4.737
4.735
4.733
4.731
4.729
4.727
4.725
4.723
4.721
4.719
4.717
4.715
4.713
4.71
4.708
4.706
4.704
4.702
4.7
4.698
4.695
4.693
4.691
4.689
4.687
4.685
4.682
4.68
4.678
4.676
4.673
4.671
4.669
4.667
4.664
4.662
4.66
4.657
4.655
4.653
4.65
4.648
4.646
4.643
4.641
4.638
4.636
4.634
4.631
4.629
4.626
4.624
4.621
4.619
4.616
4.613
4.611
4.608
4.606
4.603
4.6
4.598
4.595
4.592
4.59
4.587
4.584
4.582
4.579
4.576
4.574
4.571
4.569
4.566
4.563
4.561
4.558
4.555
4.553
4.55
4.548
4.545
4.543
4.54
4.538
4.535
4.533
4.531
4.528
4.526
4.524
4.522
4.519
4.517
4.515
4.513
4.511
4.509
4.507
4.505
4.503
4.501
4.499
4.497
4.495
4.494
4.492
4.49
4.488
4.487
4.485
4.483
4.482
4.48
4.479
4.477
4.476
4.474
4.473
4.471
4.47
4.469
4.467
4.466
4.465
4.463
4.462
4.461
4.46
4.459
4.457
4.456
4.455
4.454
4.453
4.452
4.451
4.45
4.45
4.449
4.448
4.447
4.447
4.446
4.445
4.445
4.444
4.444
4.443
4.443
4.442
4.442
4.442
4.442
4.442
4.441
4.441
4.441
4.441
4.442
4.442
4.442
4.442
4.443
4.443
4.443
4.444
4.444
4.445
4.446
4.446
4.447
4.448
4.449
4.449
4.45
4.451
4.452
4.453
4.454
4.456
4.457
4.458
4.459
4.46
4.462
4.463
4.464
4.466
4.467
4.469
4.47
4.472
4.473
4.475
4.476
4.478
4.48
4.481
4.483
4.484
4.486
4.488
4.49
4.491
4.493
4.495
4.497
4.499
4.5
4.502
4.504
4.506
4.508
4.51
4.512
4.514
4.516
4.518
4.52
4.522
4.524
4.527
4.529
4.531
4.533
4.535
4.538
4.54
4.542
4.545
4.547
4.549
4.552
4.554
4.557
4.559
4.562
4.564
4.567
4.569
4.572
4.575
4.577
4.58
4.583
4.585
4.588
4.591
4.594
4.596
4.599
4.602
4.605
4.607
4.61
4.613
4.616
4.618
4.621
4.624
4.627
4.629
4.632
4.635
4.638
4.64
4.643
4.646
4.648
4.651
4.654
4.656
4.659
4.661
4.664
4.667
4.669
4.672
4.674
4.677
4.679
4.681
4.684
4.686
4.689
4.691
4.693
4.696
4.698
4.7
4.703
4.705
4.707
4.709
4.711
4.714
4.716
4.718
4.72
4.722
4.724
4.726
4.729
4.731
4.733
4.735
4.737
4.739
4.741
4.742
4.744
4.746
4.748
4.75
4.752
4.754
4.755
4.757
4.759
4.761
4.762
4.764
4.765
4.767
4.769
4.77
4.771
4.773
4.774
4.776
4.777
4.778
4.779
4.78
4.782
4.783
4.784
4.785
4.785
4.786
4.787
4.788
4.788
4.789
4.79
4.79
4.791
4.791
4.791
4.792
4.792
4.792
4.792
4.792
4.792
4.792
4.792
4.792
4.792
4.792
4.791
4.791
4.791
4.79
4.79
4.789
4.788
4.788
4.787
4.786
4.786
4.785
4.784
4.783
4.782
4.781
4.78
4.779
4.778
4.777
4.776
4.774
4.773
4.772
4.771
4.769
4.768
4.766
4.765
4.763
4.762
4.76
4.759
4.757
4.755
4.754
4.752
4.75
4.748
4.747
4.745
4.743
4.741
4.739
4.737
4.735
4.733
4.73
4.728
4.726
4.724
4.721
4.719
4.717
4.714
4.712
4.709
4.707
4.704
4.702
4.699
4.696
4.694
4.691
4.688
4.686
4.683
4.68
4.677
4.674
4.672
4.669
4.666
4.663
4.66
4.657
4.654
4.651
4.648
4.645
4.642
4.639
4.636
4.633
4.63
4.627
4.625
4.622
4.619
4.616
4.613
4.61
4.607
4.604
4.601
4.598
4.596
4.593
4.59
4.587
4.584
4.582
4.579
4.576
4.573
4.571
4.568
4.565
4.563
4.56
4.557
4.555
4.552
4.55
4.547
4.545
4.542
4.54
4.537
4.535
4.532
4.53
4.527
4.525
4.523
4.52
4.518
4.516
4.513
4.511
4.509
4.507
4.504
4.502
4.5
4.498
4.496
4.493
4.491
4.489
4.487
4.485
4.483
4.481
4.479
4.477
4.476
4.474
4.472
4.47
4.468
4.467
4.465
4.464
4.462
4.46
4.459
4.458
4.456
4.455
4.454
4.452
4.451
4.45
4.449
4.448
4.447
4.446
4.445
4.444
4.443
4.442
4.442
4.441
4.44
4.44
4.439
4.439
4.438
4.438
4.438
4.437
4.437
4.437
4.437
4.437
4.437
4.437
4.437
4.437
4.437
4.437
4.437
4.437
4.437
4.438
4.438
4.438
4.439
4.439
4.44
4.44
4.441
4.441
4.442
4.442
4.443
4.444
4.445
4.445
4.446
4.447
4.448
4.449
4.45
4.451
4.452
4.453
4.454
4.455
4.456
4.458
4.459
4.46
4.461
4.463
4.464
4.466
4.467
4.469
4.47
4.472
4.474
4.475
4.477
4.479
4.481
4.483
4.485
4.487
4.489
4.491
4.493
4.495
4.497
4.499
4.501
4.504
4.506
4.508
4.511
4.513
4.516
4.518
4.52
4.523
4.525
4.528
4.531
4.533
4.536
4.538
4.541
4.544
4.546
4.549
4.552
4.554
4.557
4.56
4.562
4.565
4.568
4.571
4.573
4.576
4.579
4.581
4.584
4.587
4.59
4.592
4.595
4.598
4.6
4.603
4.606
4.609
4.611
4.614
4.617
4.619
4.622
4.625
4.627
4.63
4.633
4.635
4.638
4.64
4.643
4.646
4.648
4.651
4.653
4.656
4.659
4.661
4.664
4.666
4.669
4.671
4.674
4.676
4.679
4.681
4.684
4.686
4.688
4.691
4.693
4.695
4.698
4.7
4.702
4.705
4.707
4.709
4.711
4.714
4.716
4.718
4.72
4.722
4.724
4.726
4.728
4.73
4.732
4.733
4.735
4.737
4.739
4.741
4.742
4.744
4.745
4.747
4.748
4.75
4.751
4.753
4.754
4.755
4.757
4.758
4.759
4.76
4.761
4.762
4.763
4.764
4.765
4.766
4.767
4.768
4.768
4.769
4.77
4.77
4.771
4.772
4.772
4.773
4.773
4.774
4.774
4.774
4.775
4.775
4.775
4.776
4.776
4.776
4.776
4.776
4.776
4.777
4.777
4.777
4.777
4.777
4.776
4.776
4.776
4.776
4.776
4.776
4.775
4.775
4.775
4.774
4.774
4.773
4.773
4.772
4.772
4.771
4.771
4.77
4.769
4.768
4.768
4.767
4.766
4.765
4.764
4.763
4.762
4.761
4.76
4.759
4.757
4.756
4.755
4.754
4.752
4.751
4.749
4.748
4.746
4.745
4.743
4.742
4.74
4.738
4.737
4.735
4.733
4.731
4.729
4.728
4.726
4.724
4.722
4.72
4.718
4.716
4.714
4.712
4.71
4.707
4.705
4.703
4.701
4.699
4.697
4.694
4.692
4.69
4.688
4.685
4.683
4.681
4.678
4.676
4.674
4.671
4.669
4.666
4.664
4.662
4.659
4.657
4.654
4.652
4.649
4.647
4.644
4.642
4.639
4.637
4.634
4.632
4.629
4.626
4.624
4.621
4.618
4.616
4.613
4.611
4.608
4.605
4.603
4.6
4.597
4.594
4.592
4.589
4.586
4.584
4.581
4.578
4.576
4.573
4.57
4.567
4.565
4.562
4.559
4.557
4.554
4.552
4.549
4.546
4.544
4.541
4.539
4.536
4.534
4.531
4.529
4.526
4.524
4.521
4.519
4.517
4.514
4.512
4.51
4.508
4.505
4.503
4.501
4.499
4.497
4.495
4.493
4.491
4.489
4.487
4.485
4.484
4.482
4.48
4.478
4.477
4.475
4.473
4.472
4.47
4.469
4.467
4.466
4.465
4.463
4.462
4.461
4.459
4.458
4.457
4.456
4.455
4.454
4.453
4.452
4.451
4.45
4.449
4.448
4.447
4.447
4.446
4.445
4.444
4.444
4.443
4.443
4.442
4.442
4.441
4.441
4.441
4.44
4.44
4.44
4.44
4.44
4.44
4.44
4.44
4.44
4.44
4.44
4.44
4.44
4.441
4.441
4.441
4.442
4.442
4.443
4.443
4.444
4.445
4.445
4.446
4.447
4.448
4.449
4.45
4.451
4.452
4.453
4.454
4.455
4.456
4.458
4.459
4.46
4.462
4.463
4.464
4.466
4.467
4.469
4.47
4.472
4.474
4.475
4.477
4.479
4.48
4.482
4.484
4.486
4.488
4.49
4.492
4.493
4.495
4.497
4.499
4.501
4.503
4.506
4.508
4.51
4.512
4.514
4.516
4.519
4.521
4.523
4.525
4.528
4.53
4.532
4.535
4.537
4.539
4.542
4.544
4.547
4.549
4.552
4.554
4.557
4.56
4.562
4.565
4.567
4.57
4.573
4.576
4.578
4.581
4.584
4.586
4.589
4.592
4.595
4.598
4.601
4.603
4.606
4.609
4.612
4.615
4.618
4.621
4.623
4.626
4.629
4.632
4.635
4.638
4.641
4.644
4.646
4.649
4.652
4.655
4.658
4.661
4.663
4.666
4.669
4.672
4.675
4.677
4.68
4.683
4.685
4.688
4.691
4.693
4.696
4.698
4.701
4.703
4.706
4.708
4.711
4.713
4.715
4.718
4.72
4.722
4.724
4.727
4.729
4.731
4.733
4.735
4.737
4.739
4.741
4.743
4.745
4.747
4.749
4.751
4.753
4.755
4.756
4.758
4.76
4.761
4.763
4.764
4.766
4.767
4.769
4.77
4.772
4.773
4.774
4.776
4.777
4.778
4.779
4.78
4.781
4.782
4.783
4.784
4.785
4.786
4.787
4.787
4.788
4.789
4.789
4.79
4.79
4.79
4.791
4.791
4.791
4.792
4.792
4.792
4.792
4.792
4.792
4.792
4.791
4.791
4.791
4.791
4.79
4.79
4.789
4.789
4.788
4.788
4.787
4.786
4.785
4.784
4.784
4.783
4.782
4.781
4.78
4.778
4.777
4.776
4.775
4.773
4.772
4.771
4.769
4.768
4.766
4.765
4.763
4.762
4.76
4.759
4.757
4.755
4.753
4.752
4.75
4.748
4.746
4.744
4.742
4.74
4.738
4.736
4.734
4.732
4.73
4.728
4.726
4.724
4.722
4.719
4.717
4.715
4.713
4.71
4.708
4.706
4.703
4.701
4.698
4.696
4.694
4.691
4.689
4.686
4.683
4.681
4.678
4.676
4.673
4.67
4.668
4.665
4.662
4.66
4.657
4.654
4.652
4.649
4.646
4.643
4.641
4.638
4.635
4.632
4.63
4.627
4.624
4.621
4.618
4.616
4.613
4.61
4.607
4.605
4.602
4.599
4.596
4.594
4.591
4.588
4.586
4.583
4.58
4.578
4.575
4.572
4.57
4.567
4.565
4.562
4.56
4.557
4.554
4.552
4.55
4.547
4.545
4.542
4.54
4.537
4.535
4.533
4.53
4.528
4.526
4.524
4.521
4.519
4.517
4.515
4.513
4.51
4.508
4.506
4.504
4.502
4.5
4.498
4.496
4.494
4.492
4.49
4.488
4.487
4.485
4.483
4.481
4.479
4.478
4.476
4.474
4.473
4.471
4.47
4.468
4.467
4.465
4.464
4.462
4.461
4.46
4.458
4.457
4.456
4.455
4.454
4.453
4.452
4.451
4.45
4.449
4.448
4.447
4.446
4.446
4.445
4.444
4.444
4.443
4.443
4.442
4.442
4.441
4.441
4.441
4.441
4.44
4.44
4.44
4.44
4.44
4.44
4.44
4.44
4.44
4.441
4.441
4.441
4.442
4.442
4.442
4.443
4.443
4.444
4.444
4.445
4.446
4.446
4.447
4.448
4.449
4.45
4.45
4.451
4.452
4.453
4.454
4.455
4.456
4.458
4.459
4.46
4.461
4.462
4.464
4.465
4.466
4.468
4.469
4.471
4.472
4.474
4.475
4.477
4.479
4.48
4.482
4.484
4.486
4.487
4.489
4.491
4.493
4.495
4.497
4.499
4.501
4.503
4.505
4.507
4.51
4.512
4.514
4.516
4.518
4.521
4.523
4.525
4.528
4.53
4.533
4.535
4.537
4.54
4.542
4.545
4.547
4.55
4.552
4.555
4.558
4.56
4.563
4.565
4.568
4.57
4.573
4.576
4.578
4.581
4.584
4.586
4.589
4.591
4.594
4.597
4.599
4.602
4.605
4.607
4.61
4.612
4.615
4.618
4.62
4.623
4.625
4.628
4.631
4.633
4.636
4.638
4.641
4.643
4.646
4.648
4.651
4.653
4.656
4.658
4.661
4.663
4.666
4.668
4.67
4.673
4.675
4.678
4.68
4.682
4.685
4.687
4.689
4.691
4.694
4.696
4.698
4.7
4.703
4.705
4.707
4.709
4.711
4.713
4.715
4.717
4.719
4.721
4.723
4.725
4.727
4.729
4.731
4.733
4.735
4.737
4.738
4.74
4.742
4.744
4.745
4.747
4.748
4.75
4.751
4.753
4.754
4.756
4.757
4.759
4.76
4.761
4.762
4.764
4.765
4.766
4.767
4.768
4.769
4.77
4.771
4.772
4.773
4.773
4.774
4.775
4.776
4.776
4.777
4.778
4.778
4.779
4.779
4.78
4.78
4.78
4.781
4.781
4.781
4.781
4.782
4.782
4.782
4.782
4.782
4.782
4.782
4.782
4.782
4.782
4.781
4.781
4.781
4.781
4.78
4.78
4.78
4.779
4.779
4.778
4.777
4.777
4.776
4.775
4.775
4.774
4.773
4.772
4.771
4.77
4.769
4.768
4.767
4.766
4.765
4.764
4.762
4.761
4.76
4.758
4.757
4.755
4.754
4.752
4.751
4.749
4.747
4.746
4.744
4.742
4.74
4.738
4.737
4.735
4.733
4.731
4.729
4.726
4.724
4.722
4.72
4.718
4.716
4.713
4.711
4.709
4.706
4.704
4.702
4.699
4.697
4.694
4.692
4.689
4.687
4.684
4.682
4.679
4.676
4.674
4.671
4.668
4.666
4.663
4.66
4.658
4.655
4.652
4.65
4.647
4.644
4.641
4.639
4.636
4.633
4.63
4.627
4.625
4.622
4.619
4.616
4.613
4.611
4.608
4.605
4.602
4.599
4.597
4.594
4.591
4.588
4.585
4.583
4.58
4.577
4.574
4.571
4.569
4.566
4.563
4.56
4.558
4.555
4.552
4.549
4.547
4.544
4.541
4.539
4.536
4.534
4.531
4.528
4.526
4.523
4.521
4.519
4.516
4.514
4.511
4.509
4.507
4.504
4.502
4.5
4.498
4.496
4.493
4.491
4.489
4.487
4.485
4.483
4.481
4.48
4.478
4.476
4.474
4.472
4.471
4.469
4.468
4.466
4.464
4.463
4.461
4.46
4.459
4.457
4.456
4.455
4.454
4.452
4.451
4.45
4.449
4.448
4.447
4.446
4.445
4.445
4.444
4.443
4.442
4.442
4.441
4.44
4.44
4.439
4.439
4.438
4.438
4.438
4.437
4.437
4.437
4.437
4.437
4.437
4.436
4.436
4.436
4.437
4.437
4.437
4.437
4.437
4.438
4.438
4.438
4.439
4.439
4.44
4.44
4.441
4.441
4.442
4.443
4.444
4.444
4.445
4.446
4.447
4.448
4.449
4.45
4.451
4.453
4.454
4.455
4.456
4.458
4.459
4.46
4.462
4.463
4.465
4.466
4.468
4.47
4.471
4.473
4.475
4.477
4.478
4.48
4.482
4.484
4.486
4.488
4.49
4.492
4.494
4.496
4.498
4.501
4.503
4.505
4.507
4.509
4.512
4.514
4.516
4.519
4.521
4.524
4.526
4.528
4.531
4.533
4.536
4.538
4.541
4.544
4.546
4.549
4.551
4.554
4.557
4.559
4.562
4.565
4.568
4.57
4.573
4.576
4.579
4.581
4.584
4.587
4.59
4.593
4.595
4.598
4.601
4.604
4.607
4.61
4.613
4.615
4.618
4.621
4.624
4.627
4.63
4.633
4.636
4.638
4.641
4.644
4.647
4.65
4.653
4.656
4.658
4.661
4.664
4.667
4.669
4.672
4.675
4.678
4.68
4.683
4.686
4.688
4.691
4.693
4.696
4.698
4.701
4.703
4.706
4.708
4.711
4.713
4.715
4.717
4.72
4.722
4.724
4.726
4.728
4.73
4.732
4.734
4.736
4.738
4.74
4.742
4.744
4.746
4.748
4.749
4.751
4.753
4.754
4.756
4.757
4.759
4.76
4.762
4.763
4.764
4.766
4.767
4.768
4.769
4.77
4.771
4.772
4.773
4.774
4.775
4.776
4.777
4.778
4.778
4.779
4.78
4.78
4.781
4.781
4.782
4.782
4.783
4.783
4.783
4.784
4.784
4.784
4.784
4.784
4.784
4.784
4.784
4.784
4.784
4.784
4.784
4.783
4.783
4.783
4.782
4.782
4.781
4.781
4.78
4.78
4.779
4.778
4.777
4.777
4.776
4.775
4.774
4.773
4.772
4.771
4.77
4.769
4.768
4.766
4.765
4.764
4.763
4.761
4.76
4.759
4.757
4.756
4.754
4.753
4.751
4.749
4.748
4.746
4.745
4.743
4.741
4.739
4.738
4.736
4.734
4.732
4.73
4.728
4.726
4.724
4.722
4.72
4.718
4.716
4.714
4.712
4.71
4.708
4.706
4.703
4.701
4.699
4.697
4.695
4.692
4.69
4.688
4.685
4.683
4.681
4.678
4.676
4.674
4.671
4.669
4.666
4.664
4.661
4.659
4.656
4.654
4.651
4.649
4.646
4.644
4.641
4.639
4.636
4.633
4.631
4.628
4.626
4.623
4.62
4.618
4.615
4.613
4.61
4.607
4.605
4.602
4.599
4.597
4.594
4.592
4.589
4.586
4.584
4.581
4.579
4.576
4.574
4.571
4.569
4.566
4.563
4.561
4.559
4.556
4.554
4.551
4.549
4.546
4.544
4.541
4.539
4.537
4.534
4.532
4.53
4.528
4.525
4.523
4.521
4.519
4.516
4.514
4.512
4.51
4.508
4.506
4.504
4.502
4.5
4.498
4.496
4.494
4.492
4.49
4.488
4.487
4.485
4.483
4.481
4.48
4.478
4.476
4.475
4.473
4.472
4.47
4.469
4.467
4.466
4.465
4.463
4.462
4.461
4.459
4.458
4.457
4.456
4.455
4.454
4.453
4.452
4.451
4.45
4.449
4.449
4.448
4.447
4.446
4.446
4.445
4.445
4.444
4.444
4.444
4.443
4.443
4.443
4.442
4.442
4.442
4.442
4.442
4.442
4.442
4.442
4.442
4.443
4.443
4.443
4.443
4.444
4.444
4.445
4.445
4.446
4.446
4.447
4.447
4.448
4.449
4.45
4.45
4.451
4.452
4.453
4.454
4.455
4.456
4.457
4.458
4.459
4.461
4.462
4.463
4.464
4.466
4.467
4.468
4.47
4.471
4.473
4.474
4.476
4.477
4.479
4.481
4.482
4.484
4.486
4.487
4.489
4.491
4.493
4.495
4.497
4.499
4.501
4.503
4.505
4.507
4.509
4.511
4.513
4.515
4.517
4.519
4.522
4.524
4.526
4.529
4.531
4.533
4.536
4.538
4.54
4.543
4.545
4.548
4.55
4.553
4.555
4.558
4.56
4.563
4.565
4.568
4.57
4.573
4.575
4.578
4.581
4.583
4.586
4.589
4.591
4.594
4.597
4.599
4.602
4.604
4.607
4.61
4.612
4.615
4.618
4.62
4.623
4.626
4.628
4.631
4.634
4.636
4.639
4.642
4.644
4.647
4.649
4.652
4.655
4.657
4.66
4.662
4.665
4.667
4.67
4.672
4.675
4.677
4.68
4.682
4.685
4.687
4.69
4.692
4.695
4.697
4.699
4.702
4.704
4.706
4.709
4.711
4.713
4.715
4.718
4.72
4.722
4.724
4.726
4.728
4.73
4.732
4.735
4.736
4.738
4.74
4.742
4.744
4.746
4.748
4.75
4.751
4.753
4.755
4.757
4.758
4.76
4.761
4.763
4.764
4.766
4.767
4.768
4.77
4.771
4.772
4.774
4.775
4.776
4.777
4.778
4.779
4.78
4.781
4.782
4.782
4.783
4.784
4.785
4.785
4.786
4.786
4.787
4.787
4.788
4.788
4.789
4.789
4.789
4.789
4.789
4.789
4.79
4.79
4.79
4.789
4.789
4.789
4.789
4.789
4.788
4.788
4.788
4.787
4.787
4.786
4.785
4.785
4.784
4.783
4.783
4.782
4.781
4.78
4.779
4.778
4.777
4.776
4.775
4.774
4.772
4.771
4.77
4.768
4.767
4.766
4.764
4.763
4.761
4.759
4.758
4.756
4.754
4.753
4.751
4.749
4.747
4.745
4.743
4.741
4.739
4.737
4.735
4.733
4.731
4.728
4.726
4.724
4.722
4.719
4.717
4.715
4.712
4.71
4.707
4.705
4.702
4.7
4.697
4.694
4.692
4.689
4.687
4.684
4.681
4.679
4.676
4.673
4.67
4.668
4.665
4.662
4.659
4.656
4.654
4.651
4.648
4.645
4.642
4.639
4.637
4.634
4.631
4.628
4.625
4.622
4.619
4.617
4.614
4.611
4.608
4.605
4.602
4.599
4.597
4.594
4.591
4.588
4.585
4.583
4.58
4.577
4.574
4.571
4.569
4.566
4.563
4.561
4.558
4.555
4.552
4.55
4.547
4.545
4.542
4.539
4.537
4.534
4.532
4.529
4.527
4.524
4.522
4.519
4.517
4.515
4.512
4.51
4.508
4.506
4.503
4.501
4.499
4.497
4.495
4.493
4.491
4.488
4.487
4.485
4.483
4.481
4.479
4.477
4.475
4.474
4.472
4.47
4.469
4.467
4.465
4.464
4.462
4.461
4.46
4.458
4.457
4.456
4.454
4.453
4.452
4.451
4.45
4.449
4.448
4.447
4.446
4.445
4.444
4.443
4.443
4.442
4.441
4.441
4.44
4.44
4.439
4.439
4.438
4.438
4.438
4.437
4.437
4.437
4.437
4.437
4.437
4.437
4.437
4.437
4.437
4.437
4.437
4.437
4.438
4.438
4.438
4.439
4.439
4.44
4.44
4.441
4.441
4.442
4.443
4.443
4.444
4.445
4.446
4.447
4.448
4.449
4.45
4.451
4.452
4.453
4.454
4.455
4.457
4.458
4.459
4.461
4.462
4.464
4.465
4.467
4.468
4.47
4.472
4.473
4.475
4.477
4.479
4.48
4.482
4.484
4.486
4.488
4.49
4.492
4.494
4.496
4.498
4.501
4.503
4.505
4.507
4.51
4.512
4.514
4.517
4.519
4.521
4.524
4.526
4.529
4.531
4.534
4.536
4.539
4.541
4.544
4.546
4.549
4.552
4.554
4.557
4.559
4.562
4.565
4.567
4.57
4.573
4.576
4.578
4.581
4.584
4.587
4.589
4.592
4.595
4.598
4.6
4.603
4.606
4.609
4.611
4.614
4.617
4.62
4.622
4.625
4.628
4.631
4.633
4.636
4.639
4.642
4.644
4.647
4.65
4.652
4.655
4.658
4.66
4.663
4.666
4.668
4.671
4.673
4.676
4.678
4.681
4.683
4.686
4.688
4.691
4.693
4.695
4.698
4.7
4.702
4.705
4.707
4.709
4.711
4.713
4.715
4.718
4.72
4.722
4.724
4.726
4.728
4.729
4.731
4.733
4.735
4.737
4.738
4.74
4.742
4.743
4.745
4.747
4.748
4.75
4.751
4.752
4.754
4.755
4.757
4.758
4.759
4.76
4.761
4.763
4.764
4.765
4.766
4.767
4.768
4.769
4.769
4.77
4.771
4.772
4.772
4.773
4.774
4.774
4.775
4.776
4.776
4.776
4.777
4.777
4.778
4.778
4.778
4.778
4.779
4.779
4.779
4.779
4.779
4.779
4.779
4.779
4.779
4.779
4.778
4.778
4.778
4.778
4.777
4.777
4.776
4.776
4.775
4.775
4.774
4.774
4.773
4.772
4.772
4.771
4.77
4.769
4.768
4.767
4.766
4.765
4.764
4.763
4.762
4.761
4.76
4.759
4.757
4.756
4.755
4.753
4.752
4.751
4.749
4.748
4.746
4.745
4.743
4.741
4.74
4.738
4.736
4.735
4.733
4.731
4.729
4.728
4.726
4.724
4.722
4.72
4.718
4.716
4.714
4.712
4.71
4.708
4.706
4.704
4.701
4.699
4.697
4.695
4.692
4.69
4.688
4.686
4.683
4.681
4.679
4.676
4.674
4.671
4.669
4.666
4.664
4.662
4.659
4.657
4.654
4.651
4.649
4.646
4.644
4.641
4.639
4.636
4.633
4.631
4.628
4.625
4.623
4.62
4.618
4.615
4.612
4.609
4.607
4.604
4.601
4.599
4.596
4.593
4.591
4.588
4.585
4.583
4.58
4.577
4.575
4.572
4.57
4.567
4.564
4.562
4.559
4.557
4.554
4.551
4.549
4.546
4.544
4.541
4.539
4.536
4.534
4.532
4.529
4.527
4.524
4.522
4.52
4.518
4.515
4.513
4.511
4.509
4.506
4.504
4.502
4.5
4.498
4.496
4.494
4.492
4.49
4.488
4.486
4.484
4.483
4.481
4.479
4.477
4.476
4.474
4.472
4.471
4.469
4.468
4.466
4.465
4.463
4.462
4.461
4.459
4.458
4.457
4.456
4.455
4.454
4.453
4.452
4.451
4.45
4.449
4.448
4.447
4.446
4.446
4.445
4.444
4.444
4.443
4.443
4.442
4.442
4.441
4.441
4.441
4.441
4.44
4.44
4.44
4.44
4.44
4.44
4.44
4.44
4.44
4.441
4.441
4.441
4.442
4.442
4.442
4.443
4.443
4.444
4.444
4.445
4.446
4.446
4.447
4.448
4.449
4.45
4.451
4.452
4.453
4.454
4.455
4.456
4.457
4.458
4.459
4.46
4.462
4.463
4.464
4.466
4.467
4.469
4.47
4.472
4.473
4.475
4.477
4.478
4.48
4.482
4.483
4.485
4.487
4.489
4.491
4.493
4.495
4.497
4.499
4.501
4.503
4.505
4.507
4.509
4.511
4.513
4.516
4.518
4.52
4.522
4.525
4.527
4.53
4.532
4.534
4.537
4.539
4.542
4.544
4.547
4.549
4.552
4.554
4.557
4.56
4.562
4.565
4.567
4.57
4.573
4.575
4.578
4.581
4.584
4.586
4.589
4.592
4.595
4.597
4.6
4.603
4.606
4.608
4.611
4.614
4.617
4.62
4.622
4.625
4.628
4.631
4.634
4.636
4.639
4.642
4.645
4.648
4.65
4.653
4.656
4.659
4.661
4.664
4.667
4.669
4.672
4.675
4.677
4.68
4.683
4.685
4.688
4.69
4.693
4.696
4.698
4.701
4.703
4.705
4.708
4.71
4.713
4.715
4.717
4.72
4.722
4.724
4.726
4.729
4.731
4.733
4.735
4.737
4.739
4.741
4.743
4.745
4.747
4.749
4.751
4.753
4.754
4.756
4.758
4.76
4.761
4.763
4.764
4.766
4.767
4.769
4.77
4.772
4.773
4.774
4.775
4.777
4.778
4.779
4.78
4.781
4.782
4.783
4.783
4.784
4.785
4.786
4.786
4.787
4.788
4.788
4.789
4.789
4.789
4.79
4.79
4.79
4.79
4.791
4.791
4.791
4.791
4.791
4.79
4.79
4.79
4.79
4.79
4.789
4.789
4.788
4.788
4.787
4.787
4.786
4.785
4.785
4.784
4.783
4.782
4.781
4.78
4.779
4.778
4.777
4.776
4.775
4.774
4.772
4.771
4.77
4.768
4.767
4.766
4.764
4.763
4.761
4.759
4.758
4.756
4.754
4.753
4.751
4.749
4.747
4.745
4.743
4.741
4.739
4.737
4.735
4.733
4.731
4.729
4.727
4.725
4.722
4.72
4.718
4.715
4.713
4.711
4.708
4.706
4.703
4.701
4.699
4.696
4.694
4.691
4.688
4.686
4.683
4.681
4.678
4.676
4.673
4.67
4.668
4.665
4.662
4.66
4.657
4.654
4.651
4.649
4.646
4.643
4.64
4.638
4.635
4.632
4.629
4.627
4.624
4.621
4.618
4.616
4.613
4.61
4.607
4.605
4.602
4.599
4.597
4.594
4.591
4.588
4.586
4.583
4.58
4.578
4.575
4.572
4.57
4.567
4.565
4.562
4.559
4.557
4.554
4.552
4.549
4.547
4.544
4.542
4.539
4.537
4.534
4.532
4.53
4.527
4.525
4.523
4.52
4.518
4.516
4.514
4.511
4.509
4.507
4.505
4.503
4.501
4.499
4.497
4.495
4.493
4.491
4.489
4.487
4.485
4.483
4.481
4.48
4.478
4.476
4.475
4.473
4.471
4.47
4.468
4.467
4.465
4.464
4.463
4.461
4.46
4.459
4.457
4.456
4.455
4.454
4.453
4.452
4.451
4.45
4.449
4.448
4.447
4.446
4.446
4.445
4.444
4.444
4.443
4.443
4.442
4.442
4.441
4.441
4.441
4.44
4.44
4.44
4.44
4.44
4.44
4.44
4.44
4.44
4.44
4.44
4.44
4.44
4.441
4.441
4.441
4.442
4.442
4.442
4.443
4.444
4.444
4.445
4.446
4.446
4.447
4.448
4.449
4.45
4.45
4.451
4.452
4.453
4.455
4.456
4.457
4.458
4.459
4.461
4.462
4.463
4.465
4.466
4.468
4.469
4.471
4.472
4.474
4.475
4.477
4.479
4.481
4.482
4.484
4.486
4.488
4.49
4.492
4.494
4.496
4.498
4.5
4.502
4.504
4.506
4.508
4.511
4.513
4.515
4.517
4.52
4.522
4.524
4.527
4.529
4.531
4.534
4.536
4.539
4.541
4.543
4.546
4.548
4.551
4.554
4.556
4.559
4.561
4.564
4.566
4.569
4.572
4.574
4.577
4.579
4.582
4.585
4.587
4.59
4.593
4.595
4.598
4.601
4.603
4.606
4.608
4.611
4.614
4.616
4.619
4.622
4.624
4.627
4.63
4.632
4.635
4.637
4.64
4.643
4.645
4.648
4.65
4.653
4.656
4.658
4.661
4.663
4.666
4.668
4.671
4.673
4.675
4.678
4.68
4.683
4.685
4.687
4.69
4.692
4.694
4.697
4.699
4.701
4.703
4.705
4.708
4.71
4.712
4.714
4.716
4.718
4.72
4.722
4.724
4.726
4.728
4.73
4.732
4.733
4.735
4.737
4.739
4.74
4.742
4.744
4.745
4.747
4.748
4.75
4.751
4.753
4.754
4.756
4.757
4.758
4.76
4.761
4.762
4.763
4.764
4.766
4.767
4.768
4.769
4.77
4.771
4.772
4.772
4.773
4.774
4.775
4.775
4.776
4.777
4.777
4.778
4.778
4.779
4.779
4.78
4.78
4.781
4.781
4.781
4.781
4.781
4.782
4.782
4.782
4.782
4.782
4.782
4.782
4.782
4.781
4.781
4.781
4.781
4.78
4.78
4.779
4.779
4.778
4.778
4.777
4.777
4.776
4.775
4.774
4.774
4.773
4.772
4.771
4.77
4.769
4.768
4.767
4.766
4.765
4.763
4.762
4.761
4.76
4.758
4.757
4.755
4.754
4.752
4.751
4.749
4.748
4.746
4.744
4.743
4.741
4.739
4.737
4.735
4.733
4.731
4.729
4.727
4.725
4.723
4.721
4.719
4.717
4.715
4.713
4.71
4.708
4.706
4.704
4.701
4.699
4.697
4.694
4.692
4.689
4.687
4.684
4.682
4.679
4.677
4.674
4.671
4.669
4.666
4.664
4.661
4.658
4.656
4.653
4.65
4.647
4.645
4.642
4.639
4.637
4.634
4.631
4.628
4.625
4.623
4.62
4.617
4.614
4.611
4.609
4.606
4.603
4.6
4.597
4.595
4.592
4.589
4.586
4.583
4.581
4.578
4.575
4.572
4.57
4.567
4.564
4.561
4.559
4.556
4.553
4.551
4.548
4.545
4.543
4.54
4.538
4.535
4.533
4.53
4.528
4.525
4.523
4.52
4.518
4.516
4.513
4.511
4.509
4.506
4.504
4.502
4.5
4.498
4.495
4.493
4.491
4.489
4.487
4.485
4.483
4.482
4.48
4.478
4.476
4.474
4.473
4.471
4.469
4.468
4.466
4.465
4.463
4.462
4.46
4.459
4.458
4.456
4.455
4.454
4.453
4.452
4.45
4.449
4.448
4.447
4.447
4.446
4.445
4.444
4.443
4.443
4.442
4.441
4.441
4.44
4.44
4.439
4.439
4.438
4.438
4.438
4.438
4.437
4.437
4.437
4.437
4.437
4.437
4.437
4.437
4.437
4.438
4.438
4.438
4.439
4.439
4.439
4.44
4.44
4.441
4.441
4.442
4.443
4.444
4.444
4.445
4.446
4.447
4.448
4.449
4.45
4.451
4.452
4.453
4.454
4.455
4.457
4.458
4.459
4.461
4.462
4.463
4.465
4.466
4.468
4.47
4.471
4.473
4.475
4.476
4.478
4.48
4.482
4.484
4.485
4.487
4.489
4.491
4.493
4.495
4.497
4.5
4.502
4.504
4.506
4.508
4.51
4.513
4.515
4.517
4.52
4.522
4.525
4.527
4.529
4.532
4.534
4.537
4.539
4.542
4.545
4.547
4.55
4.552
4.555
4.558
4.56
4.563
4.566
4.569
4.571
4.574
4.577
4.58
4.582
4.585
4.588
4.591
4.594
4.597
4.599
4.602
4.605
4.608
4.611
4.614
4.616
4.619
4.622
4.625
4.628
4.631
4.634
4.636
4.639
4.642
4.645
4.648
4.65
4.653
4.656
4.659
4.662
4.664
4.667
4.67
4.672
4.675
4.678
4.68
4.683
4.686
4.688
4.691
4.693
4.696
4.698
4.701
4.703
4.706
4.708
4.71
4.713
4.715
4.717
4.72
4.722
4.724
4.726
4.728
4.73
4.733
4.735
4.737
4.739
4.74
4.742
4.744
4.746
4.748
4.75
4.751
4.753
4.755
4.756
4.758
4.759
4.761
4.762
4.764
4.765
4.766
4.768
4.769
4.77
4.771
4.772
4.773
4.774
4.775
4.776
4.777
4.778
4.779
4.78
4.78
4.781
4.782
4.782
4.783
4.783
4.784
4.784
4.784
4.785
4.785
4.785
4.785
4.785
4.785
4.785
4.785
4.785
4.785
4.785
4.785
4.785
4.784
4.784
4.784
4.783
4.783
4.782
4.782
4.781
4.781
4.78
4.779
4.778
4.778
4.777
4.776
4.775
4.774
4.773
4.772
4.771
4.77
4.769
4.768
4.766
4.765
4.764
4.762
4.761
4.76
4.758
4.757
4.755
4.754
4.752
4.751
4.749
4.747
4.746
4.744
4.742
4.74
4.738
4.737
4.735
4.733
4.731
4.729
4.727
4.725
4.723
4.721
4.719
4.717
4.715
4.712
4.71
4.708
4.706
4.704
4.701
4.699
4.697
4.694
4.692
4.69
4.687
4.685
4.682
4.68
4.678
4.675
4.673
4.67
4.668
4.665
4.663
4.66
4.658
4.655
4.653
4.65
4.647
4.645
4.642
4.64
4.637
4.634
4.632
4.629
4.627
4.624
4.621
4.619
4.616
4.613
4.611
4.608
4.606
4.603
4.6
4.598
4.595
4.592
4.59
4.587
4.585
4.582
4.579
4.577
4.574
4.572
4.569
4.567
4.564
4.562
4.559
4.557
4.554
4.552
4.549
4.547
4.544
4.542
4.539
4.537
4.535
4.532
4.53
4.528
4.525
4.523
4.521
4.519
4.516
4.514
4.512
4.51
4.508
4.506
4.504
4.502
4.5
4.498
4.496
4.494
4.492
4.49
4.488
4.486
4.484
4.483
4.481
4.479
4.478
4.476
4.474
4.473
4.471
4.47
4.468
4.467
4.465
4.464
4.463
4.461
4.46
4.459
4.458
4.457
4.456
4.454
4.453
4.453
4.452
4.451
4.45
4.449
4.448
4.448
4.447
4.446
4.446
4.445
4.445
4.444
4.444
4.443
4.443
4.443
4.442
4.442
4.442
4.442
4.442
4.442
4.442
4.442
4.442
4.442
4.442
4.442
4.442
4.443
4.443
4.443
4.444
4.444
4.445
4.445
4.446
4.447
4.447
4.448
4.449
4.449
4.45
4.451
4.452
4.453
4.454
4.455
4.456
4.457
4.458
4.459
4.461
4.462
4.463
4.465
4.466
4.467
4.469
4.47
4.472
4.473
4.475
4.476
4.478
4.48
4.481
4.483
4.485
4.487
4.488
4.49
4.492
4.494
4.496
4.498
4.5
4.502
4.504
4.506
4.508
4.51
4.512
4.515
4.517
4.519
4.521
4.524
4.526
4.528
4.53
4.533
4.535
4.538
4.54
4.542
4.545
4.547
4.55
4.552
4.555
4.557
4.56
4.562
4.565
4.567
4.57
4.572
4.575
4.578
4.58
4.583
4.585
4.588
4.591
4.593
4.596
4.599
4.601
4.604
4.607
4.609
4.612
4.615
4.617
4.62
4.623
4.625
4.628
4.63
4.633
4.636
4.638
4.641
4.644
4.646
4.649
4.652
4.654
4.657
4.659
4.662
4.664
4.667
4.67
4.672
4.675
4.677
4.68
4.682
4.684
