5296.0
5302.0
5308.0
5313.0
5318.0
5322.0
5325.0
5328.0
5329.0
5329.0
5328.0
5326.0
5323.0
5319.0
5314.0
5308.0
5301.0
5294.0
5286.0
5277.0
5268.0
5259.0
5250.0
5241.0
5231.0
5223.0
5214.0
5207.0
5199.0
5193.0
5187.0
5182.0
5178.0
5175.0
5173.0
5172.0
5172.0
5173.0
5174.0
5177.0
5181.0
5185.0
5190.0
5195.0
5202.0
5208.0
5214.0
5221.0
5227.0
5234.0
5240.0
5245.0
5250.0
5254.0
5258.0
5261.0
5263.0
5264.0
5264.0
5264.0
5262.0
5260.0
5257.0
5254.0
5250.0
5245.0
5240.0
5234.0
5229.0
5223.0
5217.0
5211.0
5205.0
5199.0
5194.0
5189.0
5185.0
5181.0
5178.0
5176.0
5174.0
5173.0
5173.0
5174.0
5175.0
5177.0
5180.0
5184.0
5188.0
5192.0
5198.0
5203.0
5209.0
5215.0
5220.0
5226.0
5232.0
5237.0
5243.0
5247.0
5252.0
5255.0
5258.0
5261.0
5262.0
5263.0
5264.0
5263.0
5262.0
5260.0
5258.0
5255.0
5251.0
5247.0
5243.0
5238.0
5234.0
5229.0
5224.0
5220.0
5215.0
5211.0
5208.0
5205.0
5203.0
5201.0
5200.0
5199.0
5199.0
5200.0
5202.0
5204.0
5207.0
5211.0
5215.0
5220.0
5225.0
5230.0
5236.0
5242.0
5248.0
5254.0
5260.0
5266.0
5272.0
5278.0
5283.0
5287.0
5292.0
5295.0
5298.0
5301.0
5302.0
5303.0
5304.0
5303.0
5302.0
5300.0
5298.0
5295.0
5292.0
5288.0
5284.0
5280.0
5276.0
5271.0
5267.0
5262.0
5258.0
5254.0
5251.0
5248.0
5245.0
5243.0
5242.0
5241.0
5241.0
5241.0
5242.0
5244.0
5246.0
5249.0
5253.0
5256.0
5261.0
5265.0
5270.0
5275.0
5280.0
5285.0
5291.0
5295.0
5300.0
5305.0
5309.0
5312.0
5315.0
5318.0
5320.0
5321.0
5322.0
5322.0
5321.0
5320.0
5319.0
5316.0
5313.0
5310.0
5306.0
5302.0
5298.0
5293.0
5288.0
5283.0
5278.0
5273.0
5269.0
5264.0
5260.0
5256.0
5253.0
5250.0
5248.0
5246.0
5245.0
5244.0
5244.0
5245.0
5246.0
5248.0
5250.0
5253.0
5256.0
5259.0
5263.0
5267.0
5272.0
5276.0
5280.0
5284.0
5289.0
5292.0
5296.0
5299.0
5302.0
5304.0
5306.0
5307.0
5308.0
5309.0
5308.0
5308.0
5306.0
5304.0
5302.0
5300.0
5296.0
5293.0
5290.0
5286.0
5282.0
5278.0
5274.0
5270.0
5266.0
5262.0
5259.0
5256.0
5253.0
5250.0
5248.0
5247.0
5245.0
5245.0
5244.0
5244.0
5245.0
5246.0
5247.0
5249.0
5251.0
5254.0
5256.0
5259.0
5262.0
5265.0
5268.0
5271.0
5274.0
5276.0
5279.0
5281.0
5283.0
5285.0
5286.0
5287.0
5288.0
5288.0
5287.0
5287.0
5286.0
5284.0
5282.0
5280.0
5278.0
5276.0
5273.0
5271.0
5268.0
5266.0
5263.0
5261.0
5259.0
5257.0
5255.0
5254.0
5253.0
5252.0
5252.0
5252.0
5252.0
5253.0
5254.0
5256.0
5258.0
5260.0
5262.0
5265.0
5268.0
5272.0
5275.0
5278.0
5282.0
5285.0
5289.0
5292.0
5295.0
5298.0
5301.0
5303.0
5306.0
5307.0
5309.0
5310.0
5311.0
5311.0
5311.0
5311.0
5310.0
5309.0
5307.0
5306.0
5304.0
5302.0
5300.0
5298.0
5296.0
5293.0
5291.0
5289.0
5287.0
5286.0
5284.0
5283.0
5283.0
5282.0
5282.0
5282.0
5283.0
5284.0
5286.0
5288.0
5290.0
5292.0
5295.0
5298.0
5301.0
5305.0
5308.0
5311.0
5315.0
5318.0
5322.0
5325.0
5328.0
5331.0
5333.0
5335.0
5337.0
5339.0
5340.0
5341.0
5341.0
5342.0
5341.0
5341.0
5340.0
5339.0
5337.0
5335.0
5333.0
5331.0
5329.0
5327.0
5324.0
5322.0
5320.0
5317.0
5315.0
5313.0
5312.0
5311.0
5309.0
5309.0
5308.0
5308.0
5309.0
5309.0
5310.0
5312.0
5314.0
5316.0
5318.0
5320.0
5323.0
5326.0
5329.0
5332.0
5335.0
5338.0
5341.0
5344.0
5346.0
5349.0
5351.0
5353.0
5354.0
5356.0
5357.0
5357.0
5358.0
5357.0
5357.0
5356.0
5355.0
5354.0
5352.0
5350.0
5348.0
5345.0
5343.0
5340.0
5337.0
5334.0
5332.0
5329.0
5326.0
5324.0
5321.0
5319.0
5317.0
5315.0
5314.0
5313.0
5312.0
5311.0
5311.0
5311.0
5311.0
5311.0
5312.0
5313.0
5314.0
5315.0
5316.0
5318.0
5319.0
5321.0
5322.0
5324.0
5325.0
5327.0
5328.0
5329.0
5330.0
5331.0
5331.0
5331.0
5331.0
5331.0
5330.0
5329.0
5328.0
5327.0
5326.0
5324.0
5322.0
5320.0
5318.0
5316.0
5314.0
5312.0
5310.0
5308.0
5307.0
5305.0
5303.0
5302.0
5301.0
5300.0
5299.0
5298.0
5298.0
5298.0
5298.0
5298.0
5298.0
5299.0
5299.0
5300.0
5301.0
5302.0
5304.0
5305.0
5306.0
5307.0
5308.0
5309.0
5311.0
5311.0
5312.0
5313.0
5313.0
5314.0
5314.0
5313.0
5313.0
5312.0
5312.0
5311.0
5310.0
5308.0
5307.0
5305.0
5304.0
5302.0
5300.0
5298.0
5297.0
5295.0
5293.0
5292.0
5290.0
5289.0
5288.0
5287.0
5287.0
5286.0
5286.0
5286.0
5286.0
5287.0
5288.0
5288.0
5289.0
5291.0
5292.0
5293.0
5295.0
5297.0
5298.0
5300.0
5302.0
5303.0
5305.0
5306.0
5308.0
5309.0
5310.0
5311.0
5312.0
5312.0
5313.0
5313.0
5313.0
5312.0
5312.0
5311.0
5311.0
5310.0
5309.0
5308.0
5307.0
5305.0
5304.0
5303.0
5302.0
5301.0
5299.0
5298.0
5298.0
5297.0
5296.0
5296.0
5296.0
5296.0
5296.0
5297.0
5297.0
5298.0
5299.0
5301.0
5302.0
5304.0
5306.0
5307.0
5309.0
5311.0
5313.0
5315.0
5317.0
5319.0
5321.0
5323.0
5325.0
5326.0
5327.0
5328.0
5329.0
5330.0
5330.0
5331.0
5331.0
5330.0
5330.0
5329.0
5328.0
5327.0
5326.0
5325.0
5324.0
5322.0
5321.0
5319.0
5317.0
5316.0
5314.0
5313.0
5312.0
5310.0
5309.0
5308.0
5307.0
5307.0
5306.0
5306.0
5306.0
5306.0
5306.0
5306.0
5307.0
5308.0
5309.0
5310.0
5311.0
5312.0
5314.0
5315.0
5316.0
5318.0
5319.0
5321.0
5322.0
5323.0
5324.0
5325.0
5326.0
5327.0
5327.0
5327.0
5327.0
5327.0
5327.0
5327.0
5326.0
5326.0
5325.0
5324.0
5323.0
5322.0
5320.0
5319.0
5318.0
5316.0
5315.0
5314.0
5313.0
5311.0
5310.0
5309.0
5308.0
5308.0
5307.0
5306.0
5306.0
5305.0
5305.0
5305.0
5305.0
5305.0
5305.0
5305.0
5306.0
5306.0
5306.0
5307.0
5307.0
5308.0
5308.0
5309.0
5309.0
5309.0
5309.0
5309.0
5309.0
5309.0
5309.0
5308.0
5308.0
5307.0
5306.0
5305.0
5304.0
5303.0
5302.0
5301.0
5300.0
5298.0
5297.0
5296.0
5294.0
5293.0
5292.0
5291.0
5290.0
5289.0
5288.0
5287.0
5287.0
5286.0
5286.0
5285.0
5285.0
5285.0
5285.0
5285.0
5285.0
5286.0
5286.0
5286.0
5287.0
5287.0
5288.0
5288.0
5289.0
5289.0
5289.0
5290.0
5290.0
5290.0
5290.0
5291.0
5291.0
5290.0
5290.0
5290.0
5289.0
5289.0
5288.0
5288.0
5287.0
5286.0
5285.0
5285.0
5284.0
5283.0
5282.0
5281.0
5280.0
5279.0
5278.0
5278.0
5277.0
5277.0
5276.0
5276.0
5276.0
5276.0
5276.0
5276.0
5277.0
5277.0
5278.0
5278.0
5279.0
5280.0
5281.0
5282.0
5283.0
5284.0
5285.0
5286.0
5287.0
5287.0
5288.0
5289.0
5290.0
5290.0
5291.0
5291.0
5291.0
5291.0
5291.0
5291.0
5291.0
5290.0
5290.0
5290.0
5289.0
5288.0
5287.0
5287.0
5286.0
5285.0
5284.0
5283.0
5282.0
5282.0
5281.0
5280.0
5280.0
5279.0
5279.0
5279.0
5279.0
5279.0
5279.0
5280.0
5280.0
5281.0
5282.0
5282.0
5283.0
5285.0
5286.0
5287.0
5288.0
5290.0
5291.0
5292.0
5294.0
5295.0
5297.0
5298.0
5299.0
5300.0
5301.0
5302.0
5303.0
5304.0
5304.0
5305.0
5305.0
5305.0
5305.0
5305.0
5305.0
5305.0
5305.0
5304.0
5304.0
5303.0
5303.0
5302.0
5302.0
5301.0
5301.0
5300.0
5299.0
5299.0
5299.0
5298.0
5298.0
5298.0
5297.0
5297.0
5297.0
5297.0
5298.0
5298.0
5298.0
5298.0
5299.0
5299.0
5300.0
5301.0
5301.0
5302.0
5302.0
5303.0
5304.0
5304.0
5305.0
5305.0
5306.0
5306.0
5306.0
5307.0
5307.0
5307.0
5307.0
5307.0
5307.0
5306.0
5306.0
5306.0
5305.0
5305.0
5304.0
5304.0
5303.0
5303.0
5302.0
5302.0
5301.0
5301.0
5300.0
5300.0
5299.0
5299.0
5299.0
5298.0
5298.0
5298.0
5298.0
5298.0
5298.0
5298.0
5298.0
5298.0
5299.0
5299.0
5299.0
5299.0
5300.0
5300.0
5300.0
5300.0
5301.0
5301.0
5301.0
5301.0
5301.0
5301.0
5301.0
5301.0
5300.0
5300.0
5300.0
5299.0
5299.0
5298.0
5298.0
5297.0
5297.0
5296.0
5296.0
5295.0
5294.0
5294.0
5293.0
5292.0
5292.0
5291.0
5291.0
5290.0
5290.0
5290.0
5289.0
5289.0
5289.0
5289.0
5289.0
5289.0
5289.0
5289.0
5289.0
5289.0
5289.0
5290.0
5290.0
5290.0
5290.0
5290.0
5290.0
5290.0
5290.0
5290.0
5290.0
5290.0
5290.0
5290.0
5289.0
5289.0
5289.0
5288.0
5288.0
5287.0
5287.0
5286.0
5285.0
5285.0
5284.0
5283.0
5283.0
5282.0
5281.0
5281.0
5280.0
5280.0
5279.0
5279.0
5278.0
5278.0
5278.0
5278.0
5278.0
5278.0
5279.0
5279.0
5279.0
5280.0
5280.0
5281.0
5282.0
5282.0
5283.0
5284.0
5285.0
5285.0
5286.0
5287.0
5288.0
5288.0
5289.0
5290.0
5290.0
5291.0
5291.0
5291.0
5292.0
5292.0
5292.0
5292.0
5292.0
5292.0
5292.0
5291.0
5291.0
5291.0
5291.0
5290.0
5290.0
5289.0
5289.0
5288.0
5288.0
5288.0
5287.0
5287.0
5287.0
5286.0
5286.0
5286.0
5286.0
5286.0
5286.0
5286.0
5287.0
5287.0
5287.0
5288.0
5288.0
5288.0
5289.0
5290.0
5290.0
5291.0
5292.0
5292.0
5293.0
5294.0
5295.0
5295.0
5296.0
5297.0
5297.0
5298.0
5298.0
5299.0
5299.0
5300.0
5300.0
5300.0
5300.0
5300.0
5301.0
5301.0
5301.0
5301.0
5301.0
5301.0
5301.0
5301.0
5301.0
5301.0
5301.0
5301.0
5301.0
5301.0
5301.0
5301.0
5301.0
5301.0
5301.0
5301.0
5302.0
5302.0
5302.0
5302.0
5303.0
5303.0
5303.0
5304.0
5304.0
5305.0
5305.0
5306.0
5306.0
5306.0
5307.0
5307.0
5307.0
5308.0
5308.0
5308.0
5308.0
5308.0
5309.0
5309.0
5309.0
5309.0
5309.0
5309.0
5308.0
5308.0
5308.0
5308.0
5308.0
5308.0
5307.0
5307.0
5307.0
5307.0
5306.0
5306.0
5306.0
5306.0
5306.0
5306.0
5306.0
5305.0
5305.0
5305.0
5305.0
5305.0
5305.0
5305.0
5305.0
5305.0
5305.0
5305.0
5305.0
5305.0
5305.0
5305.0
5305.0
5305.0
5305.0
5305.0
5305.0
5304.0
5304.0
5304.0
5304.0
5303.0
5303.0
5303.0
5303.0
5302.0
5302.0
5301.0
5301.0
5301.0
5300.0
5300.0
5300.0
5299.0
5299.0
5298.0
5298.0
5298.0
5298.0
5297.0
5297.0
5297.0
5297.0
5297.0
5297.0
5297.0
5297.0
5297.0
5297.0
5297.0
5297.0
5298.0
5298.0
5298.0
5298.0
5298.0
5298.0
5299.0
5299.0
5299.0
5299.0
5299.0
5299.0
5299.0
5299.0
5298.0
5298.0
5298.0
5298.0
5297.0
5297.0
5296.0
5296.0
5296.0
5295.0
5294.0
5294.0
5293.0
5293.0
5292.0
5291.0
5291.0
5290.0
5290.0
5289.0
5289.0
5288.0
5288.0
5287.0
5287.0
5287.0
5286.0
5286.0
5286.0
5286.0
5286.0
5286.0
5286.0
5286.0
5286.0
5287.0
5287.0
5287.0
5287.0
5288.0
5288.0
5288.0
5289.0
5289.0
5289.0
5290.0
5290.0
5290.0
5291.0
5291.0
5291.0
5291.0
5292.0
5292.0
5292.0
5292.0
5292.0
5292.0
5292.0
5292.0
5292.0
5292.0
5292.0
5291.0
5291.0
5291.0
5291.0
5291.0
5291.0
5291.0
5291.0
5290.0
5290.0
5290.0
5290.0
5290.0
5290.0
5291.0
5291.0
5291.0
5291.0
5291.0
5292.0
5292.0
5292.0
5292.0
5293.0
5293.0
5293.0
5294.0
5294.0
5295.0
5295.0
5295.0
5296.0
5296.0
5296.0
5297.0
5297.0
5297.0
5298.0
5298.0
5298.0
5298.0
5299.0
5299.0
5299.0
5299.0
5299.0
5299.0
5299.0
5299.0
5299.0
5299.0
5299.0
5299.0
5299.0
5299.0
5300.0
5300.0
5300.0
5300.0
5300.0
5300.0
5300.0
5300.0
5300.0
5301.0
5301.0
5301.0
5301.0
5301.0
5301.0
5302.0
5302.0
5302.0
5302.0
5303.0
5303.0
5303.0
5303.0
5304.0
5304.0
5304.0
5304.0
5304.0
5305.0
5305.0
5305.0
5305.0
5305.0
5305.0
5305.0
5305.0
5305.0
5305.0
5305.0
5306.0
5306.0
5306.0
5306.0
5306.0
5306.0
5306.0
5306.0
5306.0
5306.0
5306.0
5306.0
5306.0
5306.0
5307.0
5307.0
5307.0
5307.0
5307.0
5307.0
5307.0
5307.0
5307.0
5307.0
5307.0
5308.0
5308.0
5308.0
5308.0
5307.0
5307.0
5307.0
5307.0
5307.0
5307.0
5307.0
5306.0
5306.0
5306.0
5305.0
5305.0
5305.0
5304.0
5304.0
5303.0
5303.0
5302.0
5302.0
5302.0
5301.0
5301.0
5300.0
5300.0
5299.0
5299.0
5299.0
5298.0
5298.0
5298.0
5298.0
5297.0
5297.0
5297.0
5297.0
5297.0
5297.0
5297.0
5297.0
5297.0
5297.0
5297.0
5297.0
5297.0
5298.0
5298.0
5298.0
5298.0
5298.0
5298.0
5298.0
5298.0
5298.0
5298.0
5298.0
5298.0
5298.0
5297.0
5297.0
5297.0
5297.0
5296.0
5296.0
5296.0
5296.0
5295.0
5295.0
5294.0
5294.0
5294.0
5293.0
5293.0
5292.0
5292.0
5292.0
5291.0
5291.0
5291.0
5290.0
5290.0
5290.0
5290.0
5290.0
5289.0
5289.0
5289.0
5289.0
5289.0
5289.0
5289.0
5289.0
5289.0
5289.0
5289.0
5289.0
5289.0
5289.0
5289.0
5289.0
5290.0
5290.0
5290.0
5290.0
5290.0
5290.0
5290.0
5290.0
5290.0
5290.0
5290.0
5290.0
5290.0
5290.0
5289.0
5289.0
5289.0
5289.0
5289.0
5289.0
5289.0
5289.0
5289.0
5288.0
5288.0
5288.0
5288.0
5288.0
5288.0
5288.0
5288.0
5288.0
5288.0
5288.0
5288.0
5289.0
5289.0
5289.0
5289.0
5289.0
5289.0
5290.0
5290.0
5290.0
5290.0
5290.0
5291.0
5291.0
5291.0
5292.0
5292.0
5292.0
5292.0
5293.0
5293.0
5293.0
5293.0
5294.0
5294.0
5294.0
5294.0
5295.0
5295.0
5295.0
5295.0
5295.0
5296.0
5296.0
5296.0
5296.0
5296.0
5297.0
5297.0
5297.0
5297.0
5297.0
5298.0
5298.0
5298.0
5298.0
5298.0
5299.0
5299.0
5299.0
5299.0
5299.0
5300.0
5300.0
5300.0
5300.0
5300.0
5300.0
5300.0
5300.0
5300.0
5301.0
5301.0
5301.0
5301.0
5301.0
5301.0
5301.0
5301.0
5301.0
5301.0
5301.0
5301.0
5301.0
5301.0
5301.0
5301.0
5301.0
5301.0
5301.0
5301.0
5301.0
5301.0
5301.0
5302.0
5302.0
5302.0
5302.0
5302.0
5302.0
5303.0
5303.0
5303.0
5303.0
5303.0
5304.0
5304.0
5304.0
5304.0
5305.0
5305.0
5305.0
5305.0
5305.0
5306.0
5306.0
5306.0
5306.0
5306.0
5306.0
5306.0
5306.0
5306.0
5306.0
5306.0
5306.0
5306.0
5305.0
5305.0
5305.0
5305.0
5305.0
5304.0
5304.0
5304.0
5304.0
5303.0
5303.0
5303.0
5302.0
5302.0
5302.0
5302.0
5301.0
5301.0
5301.0
5301.0
5300.0
5300.0
5300.0
5300.0
5300.0
5300.0
5299.0
5299.0
5299.0
5299.0
5299.0
5299.0
5299.0
5299.0
5299.0
5299.0
5299.0
5298.0
5298.0
5298.0
5298.0
5298.0
5298.0
5298.0
5298.0
5298.0
5297.0
5297.0
5297.0
5297.0
5297.0
5296.0
5296.0
5296.0
5296.0
5295.0
5295.0
5295.0
5294.0
5294.0
5294.0
5294.0
5293.0
5293.0
5293.0
5293.0
5292.0
5292.0
5292.0
5292.0
5291.0
5291.0
5291.0
5291.0
5291.0
5291.0
5290.0
5290.0
5290.0
5290.0
5290.0
5290.0
5290.0
5290.0
5290.0
5290.0
5290.0
5290.0
5290.0
5290.0
5290.0
5290.0
5290.0
5290.0
5290.0
5290.0
5290.0
5290.0
5290.0
5290.0
5290.0
5290.0
5290.0
5290.0
5290.0
5290.0
5290.0
5290.0
5290.0
5290.0
5290.0
5290.0
5290.0
5290.0
5289.0
5289.0
5289.0
5289.0
5289.0
5289.0
5289.0
5289.0
5289.0
5289.0
5289.0
5289.0
5289.0
5289.0
5289.0
5289.0
5289.0
5289.0
5289.0
5289.0
5289.0
5289.0
5289.0
5289.0
5289.0
5289.0
5290.0
5290.0
5290.0
5290.0
5290.0
5290.0
5290.0
5291.0
5291.0
5291.0
5291.0
5291.0
5292.0
5292.0
5292.0
5292.0
5292.0
5293.0
5293.0
5293.0
5293.0
5294.0
5294.0
5294.0
5295.0
5295.0
5295.0
5296.0
5296.0
5296.0
5296.0
5297.0
5297.0
5297.0
5298.0
5298.0
5298.0
5298.0
5298.0
5299.0
5299.0
5299.0
5299.0
5299.0
5300.0
5300.0
5300.0
5300.0
5300.0
5300.0
5300.0
5300.0
5300.0
5301.0
5301.0
5301.0
5301.0
5301.0
5301.0
5301.0
5301.0
5301.0
5301.0
5301.0
5301.0
5301.0
5301.0
5301.0
5301.0
5301.0
5301.0
5302.0
5302.0
5302.0
5302.0
5302.0
5302.0
5302.0
5303.0
5303.0
5303.0
5303.0
5303.0
5303.0
5304.0
5304.0
5304.0
5304.0
5304.0
5304.0
5304.0
5304.0
5305.0
5305.0
5305.0
5305.0
5305.0
5305.0
5305.0
5305.0
5305.0
5305.0
5305.0
5305.0
5305.0
5304.0
5304.0
5304.0
5304.0
5304.0
5304.0
5304.0
5304.0
5303.0
5303.0
5303.0
5303.0
5303.0
5303.0
5303.0
5302.0
5302.0
5302.0
5302.0
5302.0
5302.0
5302.0
5302.0
5302.0
5302.0
5301.0
5301.0
5301.0
5301.0
5301.0
5301.0
5301.0
5301.0
5301.0
5301.0
5301.0
5301.0
5301.0
5300.0
5300.0
5300.0
5300.0
5300.0
5300.0
5300.0
5299.0
5299.0
5299.0
5299.0
5299.0
5298.0
5298.0
5298.0
5297.0
5297.0
5297.0
5297.0
5296.0
5296.0
5296.0
5295.0
5295.0
5295.0
5295.0
5294.0
5294.0
5294.0
5293.0
5293.0
5293.0
5293.0
5293.0
5292.0
5292.0
5292.0
5292.0
5292.0
5291.0
5291.0
5291.0
5291.0
5291.0
5291.0
5291.0
5291.0
5291.0
5291.0
5290.0
5290.0
5290.0
5290.0
5290.0
5290.0
5290.0
5290.0
5290.0
5290.0
5290.0
5290.0
5290.0
5290.0
5290.0
5290.0
5290.0
5290.0
5290.0
5290.0
5290.0
5290.0
5290.0
5290.0
5290.0
5290.0
5290.0
5290.0
5290.0
5290.0
5290.0
5290.0
5290.0
5290.0
5290.0
5290.0
5290.0
5290.0
5290.0
5290.0
5290.0
5290.0
5290.0
5290.0
5290.0
5290.0
5290.0
5290.0
5290.0
5290.0
5290.0
5290.0
5290.0
5290.0
5290.0
5290.0
5290.0
5290.0
5291.0
5291.0
5291.0
5291.0
5291.0
5291.0
5291.0
5291.0
5291.0
5291.0
5292.0
5292.0
5292.0
5292.0
5292.0
5293.0
5293.0
5293.0
5293.0
5294.0
5294.0
5294.0
5294.0
5295.0
5295.0
5295.0
5295.0
5296.0
5296.0
5296.0
5296.0
5297.0
5297.0
5297.0
5297.0
5297.0
5298.0
5298.0
5298.0
5298.0
5298.0
5298.0
5299.0
5299.0
5299.0
5299.0
5299.0
5299.0
5299.0
5299.0
5300.0
5300.0
5300.0
5300.0
5300.0
5300.0
5300.0
5300.0
5300.0
5301.0
5301.0
5301.0
5301.0
5301.0
5301.0
5302.0
5302.0
5302.0
5302.0
5302.0
5303.0
5303.0
5303.0
5303.0
5303.0
5303.0
5304.0
5304.0
5304.0
5304.0
5304.0
5304.0
5304.0
5304.0
5304.0
5305.0
5305.0
5305.0
5305.0
5305.0
5305.0
5305.0
5305.0
5305.0
5305.0
5305.0
5304.0
5304.0
5304.0
5304.0
5304.0
5304.0
5304.0
5304.0
5304.0
5304.0
5303.0
5303.0
5303.0
5303.0
5303.0
5303.0
5303.0
5303.0
5303.0
5303.0
5302.0
5302.0
5302.0
5302.0
5302.0
5302.0
5302.0
5302.0
5302.0
5302.0
5302.0
5302.0
5302.0
5302.0
5302.0
5301.0
5301.0
5301.0
5301.0
5301.0
5301.0
5301.0
5301.0
5301.0
5301.0
5300.0
5300.0
5300.0
5300.0
5300.0
5300.0
5300.0
5299.0
5299.0
5299.0
5299.0
5299.0
5299.0
5298.0
5298.0
5298.0
5298.0
5298.0
5297.0
5297.0
5297.0
5297.0
5296.0
5296.0
5296.0
5296.0
5295.0
5295.0
5295.0
5295.0
5294.0
5294.0
5294.0
5294.0
5293.0
5293.0
5293.0
5293.0
5293.0
5292.0
5292.0
5292.0
5292.0
5291.0
5291.0
5291.0
5291.0
5291.0
5291.0
5291.0
5290.0
5290.0
5290.0
5290.0
5290.0
5290.0
5290.0
5290.0
5290.0
5290.0
5290.0
5290.0
5290.0
5290.0
5290.0
5290.0
5290.0
5290.0
5290.0
5290.0
5290.0
5290.0
5290.0
5290.0
5290.0
5290.0
5290.0
5290.0
5290.0
5290.0
5290.0
5290.0
5290.0
5290.0
5290.0
5290.0
5290.0
5290.0
5290.0
5290.0
5290.0
5290.0
5290.0
5290.0
5290.0
5290.0
5290.0
5290.0
5290.0
5290.0
5290.0
5290.0
5290.0
5290.0
5291.0
5291.0
5291.0
5291.0
5291.0
5291.0
5291.0
5291.0
5292.0
5292.0
5292.0
5292.0
5292.0
5292.0
5293.0
5293.0
5293.0
5293.0
5293.0
5293.0
5294.0
5294.0
5294.0
5294.0
5294.0
5295.0
5295.0
5295.0
5295.0
5295.0
5295.0
5296.0
5296.0
5296.0
5296.0
5296.0
5296.0
5296.0
5297.0
5297.0
5297.0
5297.0
5297.0
5297.0
5297.0
5297.0
5298.0
5298.0
5298.0
5298.0
5298.0
5298.0
5298.0
5299.0
5299.0
5299.0
5299.0
5299.0
5299.0
5300.0
5300.0
5300.0
5300.0
5300.0
5300.0
5301.0
5301.0
5301.0
5301.0
5301.0
5302.0
5302.0
5302.0
5302.0
5302.0
5302.0
5303.0
5303.0
5303.0
5303.0
5303.0
5303.0
5304.0
5304.0
5304.0
5304.0
5304.0
5304.0
5304.0
5304.0
5304.0
5305.0
5305.0
5305.0
5305.0
5305.0
5305.0
5305.0
5304.0
5304.0
5304.0
5304.0
5304.0
5304.0
5304.0
5304.0
5304.0
5304.0
5304.0
5304.0
5304.0
5304.0
5303.0
5303.0
5303.0
5303.0
5303.0
5303.0
5303.0
5303.0
5302.0
5302.0
5302.0
5302.0
5302.0
5302.0
5302.0
5302.0
5302.0
5302.0
5302.0
5301.0
5301.0
5301.0
5301.0
5301.0
5301.0
5301.0
5301.0
5301.0
5301.0
5300.0
5300.0
5300.0
5300.0
5300.0
5300.0
5300.0
5300.0
5299.0
5299.0
5299.0
5299.0
5299.0
5299.0
5299.0
5298.0
5298.0
5298.0
5298.0
5298.0
5297.0
5297.0
5297.0
5297.0
5297.0
5296.0
5296.0
5296.0
5296.0
5296.0
5295.0
5295.0
5295.0
5295.0
5295.0
5294.0
5294.0
5294.0
5294.0
5294.0
5293.0
5293.0
5293.0
5293.0
5293.0
5292.0
5292.0
5292.0
5292.0
5292.0
5292.0
5292.0
5291.0
5291.0
5291.0
5291.0
5291.0
5291.0
5291.0
5291.0
5290.0
5290.0
5290.0
5290.0
5290.0
5290.0
5290.0
5290.0
5290.0
5290.0
5290.0
5290.0
5290.0
5290.0
5290.0
5290.0
5289.0
5289.0
5289.0
5289.0
5289.0
5289.0
5289.0
5289.0
5289.0
5289.0
5289.0
5289.0
5289.0
5289.0
5289.0
5289.0
5289.0
5289.0
5289.0
5289.0
5289.0
5289.0
5289.0
5289.0
5289.0
5290.0
5290.0
5290.0
5290.0
5290.0
5290.0
5290.0
5290.0
5290.0
5291.0
5291.0
5291.0
5291.0
5291.0
5291.0
5292.0
5292.0
5292.0
5292.0
5292.0
5293.0
5293.0
5293.0
5293.0
5294.0
5294.0
5294.0
5294.0
5294.0
5294.0
5295.0
5295.0
5295.0
5295.0
5295.0
5295.0
5296.0
5296.0
5296.0
5296.0
5296.0
5296.0
5296.0
5297.0
5297.0
5297.0
5297.0
5297.0
5297.0
5297.0
5297.0
5297.0
5297.0
5298.0
5298.0
5298.0
5298.0
5298.0
5298.0
5298.0
5299.0
5299.0
5299.0
5299.0
5299.0
5299.0
5300.0
5300.0
5300.0
5300.0
5300.0
5300.0
5301.0
5301.0
5301.0
5301.0
5301.0
5301.0
5302.0
5302.0
5302.0
5302.0
5302.0
5302.0
5303.0
5303.0
5303.0
5303.0
5303.0
5303.0
5303.0
5303.0
5303.0
5304.0
5304.0
5304.0
5304.0
5304.0
5304.0
5304.0
5304.0
5304.0
5304.0
5304.0
5304.0
5304.0
5304.0
5304.0
5304.0
5304.0
5304.0
5304.0
5304.0
5304.0
5304.0
5304.0
5304.0
5304.0
5304.0
5304.0
5303.0
5303.0
5303.0
5303.0
5303.0
5303.0
5303.0
5303.0
5303.0
5303.0
5303.0
5302.0
5302.0
5302.0
5302.0
5302.0
5302.0
5302.0
5302.0
5302.0
5301.0
5301.0
5301.0
5301.0
5301.0
5301.0
5301.0
5301.0
5300.0
5300.0
5300.0
5300.0
5300.0
5300.0
5300.0
5299.0
5299.0
5299.0
5299.0
5299.0
5299.0
5298.0
5298.0
5298.0
5298.0
5298.0
5298.0
5297.0
5297.0
5297.0
5297.0
5297.0
5296.0
5296.0
5296.0
5296.0
5296.0
5295.0
5295.0
5295.0
5295.0
5295.0
5294.0
5294.0
5294.0
5294.0
5294.0
5293.0
5293.0
5293.0
5293.0
5293.0
5293.0
5293.0
5292.0
5292.0
5292.0
5292.0
5292.0
5292.0
5292.0
5292.0
5292.0
5292.0
5291.0
5291.0
5291.0
5291.0
5291.0
5291.0
5291.0
5291.0
5291.0
5291.0
5291.0
5291.0
5290.0
5290.0
5290.0
5290.0
5290.0
5290.0
5290.0
5290.0
5290.0
5290.0
5290.0
5290.0
5289.0
5289.0
5289.0
5289.0
5289.0
5289.0
5289.0
5289.0
5289.0
5289.0
5289.0
5289.0
5289.0
5289.0
5289.0
5289.0
5289.0
5289.0
5289.0
5289.0
5289.0
5290.0
5290.0
5290.0
5290.0
5290.0
5290.0
5290.0
5290.0
5290.0
5291.0
5291.0
5291.0
5291.0
5291.0
5291.0
5292.0
5292.0
5292.0
5292.0
5292.0
5292.0
5293.0
5293.0
5293.0
5293.0
5293.0
5294.0
5294.0
5294.0
5294.0
5294.0
5295.0
5295.0
5295.0
5295.0
5295.0
5295.0
5296.0
5296.0
5296.0
5296.0
5296.0
5296.0
5297.0
5297.0
5297.0
5297.0
5297.0
5297.0
5297.0
5298.0
5298.0
5298.0
5298.0
5298.0
5298.0
5299.0
5299.0
5299.0
5299.0
5299.0
5299.0
5299.0
5300.0
5300.0
5300.0
5300.0
5300.0
5300.0
5300.0
5300.0
5301.0
5301.0
5301.0
5301.0
5301.0
5301.0
5301.0
5302.0
5302.0
5302.0
5302.0
5302.0
5302.0
5302.0
5303.0
5303.0
5303.0
5303.0
5303.0
5303.0
5303.0
5303.0
5303.0
5303.0
5303.0
5303.0
5303.0
5303.0
5304.0
5304.0
5304.0
5304.0
5304.0
5304.0
5304.0
5304.0
5304.0
5304.0
5304.0
5303.0
5303.0
5303.0
5303.0
5303.0
5303.0
5303.0
5303.0
5303.0
5303.0
5303.0
5303.0
5303.0
5303.0
5303.0
5303.0
5303.0
5303.0
5303.0
5303.0
5303.0
5303.0
5302.0
5302.0
5302.0
5302.0
5302.0
5302.0
5302.0
5302.0
5302.0
5302.0
5301.0
5301.0
5301.0
5301.0
5301.0
5301.0
5301.0
5301.0
5300.0
5300.0
5300.0
5300.0
5300.0
5299.0
5299.0
5299.0
5299.0
5299.0
5299.0
5298.0
5298.0
5298.0
5298.0
5298.0
5297.0
5297.0
5297.0
5297.0
5297.0
5296.0
5296.0
5296.0
5296.0
5296.0
5295.0
5295.0
5295.0
5295.0
5295.0
5294.0
5294.0
5294.0
5294.0
5294.0
5294.0
5293.0
5293.0
5293.0
5293.0
5293.0
5293.0
5293.0
5292.0
5292.0
5292.0
5292.0
5292.0
5292.0
5292.0
5292.0
5292.0
5291.0
5291.0
5291.0
5291.0
5291.0
5291.0
5291.0
5291.0
5291.0
5291.0
5291.0
5291.0
5291.0
5291.0
5291.0
5290.0
5290.0
5290.0
5290.0
5290.0
5290.0
5290.0
5290.0
5290.0
5290.0
5290.0
5290.0
5290.0
5290.0
5290.0
5290.0
5290.0
5290.0
5290.0
5290.0
5289.0
5289.0
5289.0
5289.0
5289.0
5290.0
5290.0
5290.0
5290.0
5290.0
5290.0
5290.0
5290.0
5290.0
5290.0
5290.0
5290.0
5290.0
5291.0
5291.0
5291.0
5291.0
5291.0
5291.0
5291.0
5291.0
5292.0
5292.0
5292.0
5292.0
5292.0
5292.0
5292.0
5293.0
5293.0
5293.0
5293.0
5293.0
5294.0
5294.0
5294.0
5294.0
5294.0
5294.0
5295.0
5295.0
5295.0
5295.0
5295.0
5295.0
5296.0
5296.0
5296.0
5296.0
5296.0
5296.0
5297.0
5297.0
5297.0
5297.0
5297.0
5297.0
5298.0
5298.0
5298.0
5298.0
5298.0
5299.0
5299.0
5299.0
5299.0
5299.0
5299.0
5300.0
5300.0
5300.0
5300.0
5300.0
5300.0
5301.0
5301.0
5301.0
5301.0
5301.0
5301.0
5301.0
5302.0
5302.0
5302.0
5302.0
5302.0
5302.0
5302.0
5302.0
5302.0
5303.0
5303.0
5303.0
5303.0
5303.0
5303.0
5303.0
5303.0
5303.0
5303.0
5303.0
5303.0
5303.0
5303.0
5303.0
5303.0
5303.0
5303.0
5303.0
5303.0
5303.0
5303.0
5303.0
5303.0
5303.0
5303.0
5303.0
5303.0
5303.0
5303.0
5303.0
5303.0
5303.0
5303.0
5303.0
5303.0
5303.0
5303.0
5303.0
5303.0
5303.0
5302.0
5302.0
5302.0
5302.0
5302.0
5302.0
5302.0
5302.0
5302.0
5302.0
5302.0
5302.0
5302.0
5302.0
5302.0
5301.0
5301.0
5301.0
5301.0
5301.0
5301.0
5301.0
5301.0
5301.0
5300.0
5300.0
5300.0
5300.0
5300.0
5300.0
5299.0
5299.0
5299.0
5299.0
5299.0
5299.0
5298.0
5298.0
5298.0
5298.0
5298.0
5297.0
5297.0
5297.0
5297.0
5297.0
5296.0
5296.0
5296.0
5296.0
5296.0
5295.0
5295.0
5295.0
5295.0
5295.0
5294.0
5294.0
5294.0
5294.0
5294.0
5294.0
5294.0
5293.0
5293.0
5293.0
5293.0
5293.0
5293.0
5293.0
5293.0
5292.0
5292.0
5292.0
5292.0
5292.0
5292.0
5292.0
5292.0
5292.0
5291.0
5291.0
5291.0
5291.0
5291.0
5291.0
5291.0
5291.0
5291.0
5291.0
5290.0
5290.0
5290.0
5290.0
5290.0
5290.0
5290.0
5290.0
5290.0
5290.0
5290.0
5290.0
5290.0
5290.0
5290.0
5290.0
5290.0
5290.0
5290.0
5290.0
5290.0
5290.0
5290.0
5290.0
5290.0
5290.0
5290.0
5290.0
5290.0
5290.0
5290.0
5290.0
5290.0
5290.0
5290.0
5290.0
5290.0
5291.0
5291.0
5291.0
5291.0
5291.0
5291.0
5291.0
5291.0
5291.0
5291.0
5292.0
5292.0
5292.0
5292.0
5292.0
5292.0
5292.0
5293.0
5293.0
5293.0
5293.0
5293.0
5293.0
5293.0
5294.0
5294.0
5294.0
5294.0
5294.0
5294.0
5294.0
5295.0
5295.0
5295.0
5295.0
5295.0
5295.0
5296.0
5296.0
5296.0
5296.0
5296.0
5296.0
5297.0
5297.0
5297.0
5297.0
5297.0
5297.0
5298.0
5298.0
5298.0
5298.0
5298.0
5298.0
5299.0
5299.0
5299.0
5299.0
5299.0
5300.0
5300.0
5300.0
5300.0
5300.0
5300.0
5301.0
5301.0
5301.0
5301.0
5301.0
5301.0
5302.0
5302.0
5302.0
5302.0
5302.0
5302.0
5302.0
5302.0
5303.0
5303.0
5303.0
5303.0
5303.0
5303.0
5303.0
5303.0
5303.0
5303.0
5303.0
5303.0
5303.0
5303.0
5303.0
5303.0
5303.0
5303.0
5303.0
5303.0
5303.0
5303.0
5303.0
5303.0
5303.0
5303.0
5303.0
5303.0
5303.0
5303.0
5303.0
5303.0
5303.0
5303.0
5303.0
5303.0
5303.0
5303.0
5303.0
5303.0
5303.0
5303.0
5302.0
5302.0
5302.0
5302.0
5302.0
5302.0
5302.0
5302.0
5302.0
5302.0
5302.0
5302.0
5301.0
5301.0
5301.0
5301.0
5301.0
5301.0
5301.0
5301.0
5300.0
5300.0
5300.0
5300.0
5300.0
5300.0
5300.0
5300.0
5299.0
5299.0
5299.0
5299.0
5299.0
5299.0
5299.0
5298.0
5298.0
5298.0
5298.0
5298.0
5298.0
5297.0
5297.0
5297.0
5297.0
5297.0
5296.0
5296.0
5296.0
5296.0
5296.0
5296.0
5295.0
5295.0
5295.0
5295.0
5295.0
5295.0
5294.0
5294.0
5294.0
5294.0
5294.0
5294.0
5293.0
5293.0
5293.0
5293.0
5293.0
5293.0
5293.0
5293.0
5292.0
5292.0
5292.0
5292.0
5292.0
5292.0
5292.0
5292.0
5292.0
5291.0
5291.0
5291.0
5291.0
5291.0
5291.0
5291.0
5291.0
5291.0
5291.0
5291.0
5291.0
5290.0
5290.0
5290.0
5290.0
5290.0
5290.0
5290.0
5290.0
5290.0
5290.0
5290.0
5290.0
5290.0
5290.0
5290.0
5290.0
5290.0
5290.0
5290.0
5290.0
5290.0
5290.0
5290.0
5290.0
5290.0
5290.0
5290.0
5290.0
5290.0
5290.0
5290.0
5291.0
5291.0
5291.0
5291.0
5291.0
5291.0
5291.0
5291.0
5291.0
5291.0
5292.0
5292.0
5292.0
5292.0
5292.0
5292.0
5292.0
5292.0
5293.0
5293.0
5293.0
5293.0
5293.0
5293.0
5293.0
5293.0
5293.0
5294.0
5294.0
5294.0
5294.0
5294.0
5294.0
5294.0
5295.0
5295.0
5295.0
5295.0
5295.0
5295.0
5296.0
5296.0
5296.0
5296.0
5296.0
5296.0
5297.0
5297.0
5297.0
5297.0
5297.0
5297.0
5297.0
5298.0
5298.0
5298.0
5298.0
5298.0
5299.0
5299.0
5299.0
5299.0
5299.0
5299.0
5300.0
5300.0
5300.0
5300.0
5300.0
5300.0
5300.0
5301.0
5301.0
5301.0
5301.0
5301.0
5301.0
5301.0
5302.0
5302.0
5302.0
5302.0
5302.0
5302.0
5302.0
5303.0
5303.0
5303.0
5303.0
5303.0
5303.0
5303.0
5303.0
5303.0
5303.0
5303.0
5303.0
5303.0
5303.0
5303.0
5303.0
5303.0
5303.0
5303.0
5303.0
5303.0
5303.0
5303.0
5303.0
5303.0
5303.0
5303.0
5303.0
5303.0
5303.0
5303.0
5303.0
5303.0
5303.0
5303.0
5303.0
5303.0
5303.0
5303.0
5303.0
5303.0
5302.0
5302.0
5302.0
5302.0
5302.0
5302.0
5302.0
5302.0
5302.0
5302.0
5302.0
5301.0
5301.0
5301.0
5301.0
5301.0
5301.0
5301.0
5301.0
5300.0
5300.0
5300.0
5300.0
5300.0
5300.0
5299.0
5299.0
5299.0
5299.0
5299.0
5299.0
5298.0
5298.0
5298.0
5298.0
5298.0
5298.0
5297.0
5297.0
5297.0
5297.0
5297.0
5297.0
5297.0
5296.0
5296.0
5296.0
5296.0
5296.0
5296.0
5296.0
5295.0
5295.0
5295.0
5295.0
5295.0
5295.0
5294.0
5294.0
5294.0
5294.0
5294.0
5294.0
5294.0
5293.0
5293.0
5293.0
5293.0
5293.0
5293.0
5293.0
5293.0
5292.0
5292.0
5292.0
5292.0
5292.0
5292.0
5292.0
5292.0
5292.0
5291.0
5291.0
5291.0
5291.0
5291.0
5291.0
5291.0
5291.0
5291.0
5291.0
5291.0
5291.0
5291.0
5290.0
5290.0
5290.0
5290.0
5290.0
5290.0
5290.0
5290.0
5290.0
5290.0
5290.0
5290.0
5290.0
5290.0
5290.0
5290.0
5290.0
5290.0
5290.0
5290.0
5290.0
5290.0
5290.0
5290.0
5290.0
5290.0
5290.0
5290.0
5290.0
5291.0
5291.0
5291.0
5291.0
5291.0
5291.0
5291.0
5291.0
5291.0
5292.0
5292.0
5292.0
5292.0
5292.0
5292.0
5292.0
5292.0
5293.0
5293.0
5293.0
5293.0
5293.0
5293.0
5293.0
5293.0
5294.0
5294.0
5294.0
5294.0
5294.0
5294.0
5294.0
5295.0
5295.0
5295.0
5295.0
5295.0
5295.0
5295.0
5295.0
5296.0
5296.0
5296.0
5296.0
5296.0
5296.0
5297.0
5297.0
5297.0
5297.0
5297.0
5297.0
5298.0
5298.0
5298.0
5298.0
5298.0
5298.0
5299.0
5299.0
5299.0
5299.0
5299.0
5299.0
5300.0
5300.0
5300.0
5300.0
5300.0
5300.0
5300.0
5301.0
5301.0
5301.0
5301.0
5301.0
5301.0
5301.0
5301.0
5302.0
5302.0
5302.0
5302.0
5302.0
5302.0
5302.0
5302.0
5302.0
5302.0
5302.0
5302.0
5303.0
5303.0
5303.0
5303.0
5303.0
5303.0
5303.0
5303.0
5303.0
5303.0
5303.0
5303.0
5303.0
5303.0
5303.0
5303.0
5303.0
5303.0
5303.0
5303.0
5303.0
5303.0
5303.0
5303.0
5303.0
5303.0
5303.0
5303.0
5303.0
5303.0
5303.0
5303.0
5303.0
5303.0
5303.0
5302.0
5302.0
5302.0
5302.0
5302.0
5302.0
5302.0
5302.0
5302.0
5302.0
5302.0
5301.0
5301.0
5301.0
5301.0
5301.0
5301.0
5301.0
5301.0
5300.0
5300.0
5300.0
5300.0
5300.0
5300.0
5299.0
5299.0
5299.0
5299.0
5299.0
5299.0
5298.0
5298.0
5298.0
5298.0
5298.0
5298.0
5297.0
5297.0
5297.0
5297.0
5297.0
5297.0
5296.0
5296.0
5296.0
5296.0
5296.0
5296.0
5295.0
5295.0
5295.0
5295.0
5295.0
5295.0
5295.0
5294.0
5294.0
5294.0
5294.0
5294.0
5294.0
5294.0
5294.0
5293.0
5293.0
5293.0
5293.0
5293.0
5293.0
5293.0
5293.0
5292.0
5292.0
5292.0
5292.0
5292.0
5292.0
5292.0
5292.0
5292.0
5292.0
5291.0
5291.0
5291.0
5291.0
5291.0
5291.0
5291.0
5291.0
5291.0
5291.0
5291.0
5291.0
5291.0
5290.0
5290.0
5290.0
5290.0
5290.0
5290.0
5290.0
5290.0
5290.0
5290.0
5290.0
5290.0
5290.0
5290.0
5290.0
5290.0
5290.0
5290.0
5290.0
5290.0
5290.0
5291.0
5291.0
5291.0
5291.0
5291.0
5291.0
5291.0
5291.0
5291.0
5291.0
5291.0
5291.0
5291.0
5291.0
5291.0
5292.0
5292.0
5292.0
5292.0
5292.0
5292.0
5292.0
5292.0
5292.0
5292.0
5293.0
5293.0
5293.0
5293.0
5293.0
5293.0
5293.0
5294.0
5294.0
5294.0
5294.0
5294.0
5294.0
5294.0
5295.0
5295.0
5295.0
5295.0
5295.0
5295.0
5295.0
5296.0
5296.0
5296.0
5296.0
5296.0
5296.0
5297.0
5297.0
5297.0
5297.0
5297.0
5297.0
5297.0
5298.0
5298.0
5298.0
5298.0
5298.0
5298.0
5299.0
5299.0
5299.0
5299.0
5299.0
5299.0
5299.0
5300.0
5300.0
5300.0
5300.0
5300.0
5300.0
5301.0
5301.0
5301.0
5301.0
5301.0
5301.0
5301.0
5301.0
5301.0
5302.0
5302.0
5302.0
5302.0
5302.0
5302.0
5302.0
5302.0
5302.0
5302.0
5302.0
5302.0
5302.0
5302.0
5303.0
5303.0
5303.0
5303.0
5303.0
5303.0
5303.0
5303.0
5303.0
5303.0
5303.0
5303.0
5303.0
5303.0
5303.0
5303.0
5303.0
5303.0
5303.0
5303.0
5303.0
5303.0
5303.0
5303.0
5303.0
5303.0
5303.0
5303.0
5303.0
5303.0
5303.0
5302.0
5302.0
5302.0
5302.0
5302.0
5302.0
5302.0
5302.0
5302.0
5302.0
5302.0
5302.0
5301.0
5301.0
5301.0
5301.0
5301.0
5301.0
5301.0
5300.0
5300.0
5300.0
5300.0
5300.0
5300.0
5300.0
5299.0
5299.0
5299.0
5299.0
5299.0
5299.0
5299.0
5298.0
5298.0
5298.0
5298.0
5298.0
5298.0
5297.0
5297.0
5297.0
5297.0
5297.0
5297.0
5296.0
5296.0
5296.0
5296.0
5296.0
5296.0
5295.0
5295.0
5295.0
5295.0
5295.0
5295.0
5294.0
5294.0
5294.0
5294.0
5294.0
5294.0
5294.0
5293.0
5293.0
5293.0
5293.0
5293.0
5293.0
5293.0
5293.0
5292.0
5292.0
5292.0
5292.0
5292.0
5292.0
5292.0
5292.0
5292.0
5292.0
5292.0
5291.0
5291.0
5291.0
5291.0
5291.0
5291.0
5291.0
5291.0
5291.0
5291.0
5291.0
5291.0
5291.0
5291.0
5291.0
5291.0
5291.0
5290.0
5290.0
5290.0
5290.0
5290.0
5290.0
5290.0
5290.0
5290.0
5290.0
5290.0
5290.0
5290.0
5290.0
5291.0
5291.0
5291.0
5291.0
5291.0
5291.0
5291.0
5291.0
5291.0
5291.0
5291.0
5291.0
5291.0
5291.0
5291.0
5292.0
5292.0
5292.0
5292.0
5292.0
5292.0
5292.0
5292.0
5292.0
5292.0
5293.0
5293.0
5293.0
5293.0
5293.0
5293.0
5293.0
5293.0
5293.0
5294.0
5294.0
5294.0
5294.0
5294.0
5294.0
5294.0
5294.0
5295.0
5295.0
5295.0
5295.0
5295.0
5295.0
5295.0
5296.0
5296.0
5296.0
5296.0
5296.0
5296.0
5297.0
5297.0
5297.0
5297.0
5297.0
5297.0
5298.0
5298.0
5298.0
5298.0
5298.0
5298.0
5298.0
5299.0
5299.0
5299.0
5299.0
5299.0
5299.0
5299.0
5300.0
5300.0
5300.0
5300.0
5300.0
5300.0
5300.0
5300.0
5301.0
5301.0
5301.0
5301.0
5301.0
5301.0
5301.0
5301.0
5301.0
5302.0
5302.0
5302.0
5302.0
5302.0
5302.0
5302.0
5302.0
5302.0
5302.0
5302.0
5302.0
5302.0
5302.0
5302.0
5302.0
5303.0
5303.0
5303.0
5303.0
5303.0
5303.0
5303.0
5303.0
5303.0
5303.0
5303.0
5303.0
5303.0
5303.0
5303.0
5303.0
5303.0
5303.0
5303.0
5302.0
5302.0
5302.0
5302.0
5302.0
5302.0
5302.0
5302.0
5302.0
5302.0
5302.0
5302.0
5302.0
5302.0
5302.0
5302.0
5302.0
5302.0
5301.0
5301.0
5301.0
5301.0
5301.0
5301.0
5301.0
5301.0
5301.0
5300.0
5300.0
5300.0
5300.0
5300.0
5300.0
5300.0
5300.0
5299.0
5299.0
5299.0
5299.0
5299.0
5299.0
5298.0
5298.0
5298.0
5298.0
5298.0
5298.0
5297.0
5297.0
5297.0
5297.0
5297.0
5297.0
5296.0
5296.0
5296.0
5296.0
5296.0
5296.0
5296.0
5295.0
5295.0
5295.0
5295.0
5295.0
5295.0
5295.0
5294.0
5294.0
5294.0
5294.0
5294.0
5294.0
5294.0
5293.0
5293.0
5293.0
5293.0
5293.0
5293.0
5293.0
5292.0
5292.0
5292.0
5292.0
5292.0
5292.0
5292.0
5292.0
5292.0
5291.0
5291.0
5291.0
5291.0
5291.0
5291.0
5291.0
5291.0
5291.0
5291.0
5291.0
5291.0
5291.0
5291.0
5291.0
5291.0
5291.0
5291.0
5291.0
5290.0
5290.0
5290.0
5290.0
5290.0
5290.0
5290.0
5290.0
5291.0
5291.0
5291.0
5291.0
5291.0
5291.0
5291.0
5291.0
5291.0
5291.0
5291.0
5291.0
5291.0
5291.0
5291.0
5291.0
5291.0
5291.0
5291.0
5291.0
5292.0
5292.0
5292.0
5292.0
5292.0
5292.0
5292.0
5292.0
5292.0
5293.0
5293.0
5293.0
5293.0
5293.0
5293.0
5293.0
5293.0
5293.0
5294.0
5294.0
5294.0
5294.0
5294.0
5294.0
5294.0
5295.0
5295.0
5295.0
5295.0
5295.0
5295.0
5295.0
5295.0
5296.0
5296.0
5296.0
5296.0
5296.0
5296.0
5296.0
5297.0
5297.0
5297.0
5297.0
5297.0
5297.0
5297.0
5298.0
5298.0
5298.0
5298.0
5298.0
5298.0
5299.0
5299.0
5299.0
5299.0
5299.0
5299.0
5299.0
5300.0
5300.0
5300.0
5300.0
5300.0
5300.0
5300.0
5300.0
5301.0
5301.0
5301.0
5301.0
5301.0
5301.0
5301.0
5301.0
5301.0
5301.0
5301.0
5302.0
5302.0
5302.0
5302.0
5302.0
5302.0
5302.0
5302.0
5302.0
5302.0
5302.0
5302.0
5302.0
5302.0
5302.0
5302.0
5302.0
5302.0
5303.0
5303.0
5303.0
5303.0
5303.0
5303.0
5303.0
5303.0
5303.0
5303.0
5303.0
5303.0
5302.0
5302.0
5302.0
5302.0
5302.0
5302.0
5302.0
5302.0
5302.0
5302.0
5302.0
5302.0
5302.0
5302.0
5302.0
5302.0
5302.0
5302.0
5301.0
5301.0
5301.0
5301.0
5301.0
5301.0
5301.0
5301.0
5301.0
5301.0
5300.0
5300.0
5300.0
5300.0
5300.0
5300.0
5300.0
5300.0
5300.0
5299.0
5299.0
5299.0
5299.0
5299.0
5299.0
5299.0
5298.0
5298.0
5298.0
5298.0
5298.0
5298.0
5298.0
5297.0
5297.0
5297.0
5297.0
5297.0
5297.0
5296.0
5296.0
5296.0
5296.0
5296.0
5296.0
5295.0
5295.0
5295.0
5295.0
5295.0
5295.0
5295.0
5294.0
5294.0
5294.0
5294.0
5294.0
5294.0
5294.0
5294.0
5293.0
5293.0
5293.0
5293.0
5293.0
5293.0
5293.0
5293.0
5292.0
5292.0
5292.0
5292.0
5292.0
5292.0
5292.0
5292.0
5292.0
5292.0
5291.0
5291.0
5291.0
5291.0
5291.0
5291.0
5291.0
5291.0
5291.0
5291.0
5291.0
5291.0
5291.0
5291.0
5291.0
5290.0
5290.0
5290.0
5290.0
5291.0
5291.0
5291.0
5291.0
5291.0
5291.0
5291.0
5291.0
5291.0
5291.0
5291.0
5291.0
5291.0
5291.0
5291.0
5291.0
5291.0
5291.0
5291.0
5291.0
5291.0
5291.0
5291.0
5292.0
5292.0
5292.0
5292.0
5292.0
5292.0
5292.0
5292.0
5292.0
5292.0
5292.0
5293.0
5293.0
5293.0
5293.0
5293.0
5293.0
5293.0
5293.0
5293.0
5294.0
5294.0
5294.0
5294.0
5294.0
5294.0
5294.0
5295.0
5295.0
5295.0
5295.0
5295.0
5295.0
5295.0
5296.0
5296.0
5296.0
5296.0
5296.0
5296.0
5297.0
5297.0
5297.0
5297.0
5297.0
5297.0
5297.0
5298.0
5298.0
5298.0
5298.0
5298.0
5298.0
5298.0
5298.0
5299.0
5299.0
5299.0
5299.0
5299.0
5299.0
5299.0
5299.0
5300.0
5300.0
5300.0
5300.0
5300.0
5300.0
5300.0
5300.0
5301.0
5301.0
5301.0
5301.0
5301.0
5301.0
5301.0
5301.0
5301.0
5301.0
5302.0
5302.0
5302.0
5302.0
5302.0
5302.0
5302.0
5302.0
5302.0
5302.0
5302.0
5302.0
5302.0
5302.0
5302.0
5302.0
5302.0
5302.0
5302.0
5302.0
5302.0
5302.0
5302.0
5302.0
5302.0
5302.0
5302.0
5302.0
5302.0
5302.0
5302.0
5302.0
5302.0
5302.0
5302.0
5302.0
5302.0
5302.0
5302.0
5302.0
5302.0
5302.0
5302.0
5302.0
5302.0
5302.0
5301.0
5301.0
5301.0
5301.0
5301.0
5301.0
5301.0
5301.0
5301.0
5301.0
5301.0
5300.0
5300.0
5300.0
5300.0
5300.0
5300.0
5300.0
5300.0
5299.0
5299.0
5299.0
5299.0
5299.0
5299.0
5299.0
5298.0
5298.0
5298.0
5298.0
5298.0
5298.0
5298.0
5298.0
5297.0
5297.0
5297.0
5297.0
5297.0
5297.0
5297.0
5296.0
5296.0
5296.0
5296.0
5296.0
5296.0
5296.0
5295.0
5295.0
5295.0
5295.0
5295.0
5295.0
5295.0
5294.0
5294.0
5294.0
5294.0
5294.0
5294.0
5294.0
5293.0
5293.0
5293.0
5293.0
5293.0
5293.0
5293.0
5293.0
5293.0
5292.0
5292.0
5292.0
5292.0
5292.0
5292.0
5292.0
5292.0
5292.0
5292.0
5292.0
5291.0
5291.0
5291.0
5291.0
5291.0
5291.0
5291.0
5291.0
5291.0
5291.0
5291.0
5291.0
5291.0
5291.0
5291.0
5291.0
5291.0
5291.0
5291.0
5291.0
5291.0
5291.0
5291.0
5291.0
5291.0
5291.0
5291.0
5291.0
5291.0
5291.0
5291.0
5291.0
5291.0
5291.0
5291.0
5291.0
5291.0
5291.0
5291.0
5292.0
5292.0
5292.0
5292.0
5292.0
5292.0
5292.0
5292.0
5292.0
5292.0
5292.0
5292.0
5293.0
5293.0
5293.0
5293.0
5293.0
5293.0
5293.0
5293.0
5294.0
5294.0
5294.0
5294.0
5294.0
5294.0
5294.0
5294.0
5295.0
5295.0
5295.0
5295.0
5295.0
5295.0
5295.0
5296.0
5296.0
5296.0
5296.0
5296.0
5296.0
5297.0
5297.0
5297.0
5297.0
5297.0
5297.0
5297.0
5298.0
5298.0
5298.0
5298.0
5298.0
5298.0
5298.0
5299.0
5299.0
5299.0
5299.0
5299.0
5299.0
5299.0
5300.0
5300.0
5300.0
5300.0
5300.0
5300.0
5300.0
5300.0
5300.0
5300.0
5300.0
5301.0
5301.0
5301.0
5301.0
5301.0
5301.0
5301.0
5301.0
5301.0
5301.0
5301.0
5302.0
5302.0
5302.0
5302.0
5302.0
5302.0
5302.0
5302.0
5302.0
5302.0
5302.0
5302.0
5302.0
5302.0
5302.0
5302.0
5302.0
5302.0
5302.0
5302.0
5302.0
5302.0
5302.0
5302.0
5302.0
5302.0
5302.0
5302.0
5302.0
5302.0
5302.0
5302.0
5302.0
5302.0
5302.0
5302.0
5302.0
5302.0
5302.0
5302.0
5302.0
5301.0
5301.0
5301.0
5301.0
5301.0
5301.0
5301.0
5301.0
5301.0
5301.0
5301.0
5301.0
5301.0
5300.0
5300.0
5300.0
5300.0
5300.0
5300.0
5300.0
5300.0
5299.0
5299.0
5299.0
5299.0
5299.0
5299.0
5299.0
5299.0
5298.0
5298.0
5298.0
5298.0
5298.0
5298.0
5298.0
5297.0
5297.0
5297.0
5297.0
5297.0
5297.0
5297.0
5296.0
5296.0
5296.0
5296.0
5296.0
5296.0
5296.0
5296.0
5295.0
5295.0
5295.0
5295.0
5295.0
5295.0
5295.0
5295.0
5294.0
5294.0
5294.0
5294.0
5294.0
5294.0
5294.0
5294.0
5293.0
5293.0
5293.0
5293.0
5293.0
5293.0
5293.0
5293.0
5292.0
5292.0
5292.0
5292.0
5292.0
5292.0
5292.0
5292.0
5292.0
5292.0
5292.0
5291.0
5291.0
5291.0
5291.0
5291.0
5291.0
5291.0
5291.0
5291.0
5291.0
5291.0
5291.0
5291.0
5291.0
5291.0
5291.0
5291.0
5291.0
5291.0
5291.0
5291.0
5291.0
5291.0
5291.0
5291.0
5291.0
5291.0
5291.0
5291.0
5291.0
5291.0
5291.0
5291.0
5291.0
5291.0
5291.0
5291.0
5291.0
5291.0
5292.0
5292.0
5292.0
5292.0
5292.0
5292.0
5292.0
5292.0
5292.0
5292.0
5293.0
5293.0
5293.0
5293.0
5293.0
5293.0
5293.0
5293.0
5293.0
5294.0
5294.0
5294.0
5294.0
5294.0
5294.0
5294.0
5294.0
5295.0
5295.0
5295.0
5295.0
5295.0
5295.0
5295.0
5296.0
5296.0
5296.0
5296.0
5296.0
5296.0
5296.0
5297.0
5297.0
5297.0
5297.0
5297.0
5297.0
5297.0
5298.0
5298.0
5298.0
5298.0
5298.0
5298.0
5299.0
5299.0
5299.0
5299.0
5299.0
5299.0
5299.0
5299.0
5300.0
5300.0
5300.0
5300.0
5300.0
5300.0
5300.0
5300.0
5300.0
5301.0
5301.0
5301.0
5301.0
5301.0
5301.0
5301.0
5301.0
5301.0
5301.0
5301.0
5301.0
5302.0
5302.0
5302.0
5302.0
5302.0
5302.0
5302.0
5302.0
5302.0
5302.0
5302.0
5302.0
5302.0
5302.0
5302.0
5302.0
5302.0
5302.0
5302.0
5302.0
5302.0
5302.0
5302.0
5302.0
5302.0
5302.0
5302.0
5302.0
5302.0
5302.0
5302.0
5302.0
5302.0
5302.0
5302.0
5302.0
5302.0
5302.0
5302.0
5302.0
5301.0
5301.0
5301.0
5301.0
5301.0
5301.0
5301.0
5301.0
5301.0
5301.0
5301.0
5300.0
5300.0
5300.0
5300.0
5300.0
5300.0
5300.0
5300.0
5300.0
5300.0
5299.0
5299.0
5299.0
5299.0
5299.0
5299.0
5299.0
5299.0
5298.0
5298.0
5298.0
5298.0
5298.0
5298.0
5298.0
5298.0
5297.0
5297.0
5297.0
5297.0
5297.0
5297.0
5297.0
5296.0
5296.0
5296.0
5296.0
5296.0
5296.0
5296.0
5295.0
5295.0
5295.0
5295.0
5295.0
5295.0
5295.0
5295.0
5294.0
5294.0
5294.0
5294.0
5294.0
5294.0
5294.0
5294.0
5294.0
5293.0
5293.0
5293.0
5293.0
5293.0
5293.0
5293.0
5293.0
5293.0
5293.0
5292.0
5292.0
5292.0
5292.0
5292.0
5292.0
5292.0
5292.0
5292.0
5292.0
5292.0
5292.0
5292.0
5291.0
5291.0
5291.0
5291.0
5291.0
5291.0
5291.0
5291.0
5291.0
5291.0
5291.0
5291.0
5291.0
5291.0
5291.0
5291.0
5291.0
5291.0
5291.0
5291.0
5291.0
5291.0
5291.0
5291.0
5291.0
5291.0
5291.0
5291.0
5291.0
5291.0
5292.0
5292.0
5292.0
5292.0
5292.0
5292.0
5292.0
5292.0
5292.0
5292.0
5292.0
5292.0
5292.0
5292.0
5292.0
5293.0
5293.0
5293.0
5293.0
5293.0
5293.0
5293.0
5293.0
5293.0
5293.0
5294.0
5294.0
5294.0
5294.0
5294.0
5294.0
5294.0
5295.0
5295.0
5295.0
5295.0
5295.0
5295.0
5295.0
5296.0
5296.0
5296.0
5296.0
5296.0
5296.0
5296.0
5297.0
5297.0
5297.0
5297.0
5297.0
5297.0
5297.0
5298.0
5298.0
5298.0
5298.0
5298.0
5298.0
5298.0
5299.0
5299.0
5299.0
5299.0
5299.0
5299.0
5299.0
5299.0
5299.0
5300.0
5300.0
5300.0
5300.0
5300.0
5300.0
5300.0
5300.0
5301.0
5301.0
5301.0
5301.0
5301.0
5301.0
5301.0
5301.0
5301.0
5301.0
5301.0
5302.0
5302.0
5302.0
5302.0
5302.0
5302.0
5302.0
5302.0
5302.0
5302.0
5302.0
5302.0
5302.0
5302.0
5302.0
5302.0
5302.0
5302.0
5302.0
5302.0
5302.0
5302.0
5302.0
5302.0
5302.0
5302.0
5302.0
5302.0
5302.0
5302.0
5302.0
5302.0
5302.0
5302.0
5302.0
5302.0
5302.0
5302.0
5302.0
5301.0
5301.0
5301.0
5301.0
5301.0
5301.0
5301.0
5301.0
5301.0
5301.0
5301.0
5301.0
5300.0
5300.0
5300.0
5300.0
5300.0
5300.0
5300.0
5300.0
5300.0
5299.0
5299.0
5299.0
5299.0
5299.0
5299.0
5299.0
5299.0
5298.0
5298.0
5298.0
5298.0
5298.0
5298.0
5298.0
5298.0
5297.0
5297.0
5297.0
5297.0
5297.0
5297.0
5297.0
5297.0
5296.0
5296.0
5296.0
5296.0
5296.0
5296.0
5296.0
5295.0
5295.0
5295.0
5295.0
5295.0
5295.0
5295.0
5295.0
5294.0
5294.0
5294.0
5294.0
5294.0
5294.0
5294.0
5294.0
5293.0
5293.0
5293.0
5293.0
5293.0
5293.0
5293.0
5293.0
5293.0
5293.0
5293.0
5292.0
5292.0
5292.0
5292.0
5292.0
5292.0
5292.0
5292.0
5292.0
5292.0
5292.0
5292.0
5292.0
5292.0
5292.0
5292.0
5292.0
5292.0
5291.0
5291.0
5291.0
5291.0
5291.0
5291.0
5291.0
5291.0
5291.0
5291.0
5291.0
5291.0
5291.0
5291.0
5291.0
5291.0
5291.0
5291.0
5291.0
5291.0
5291.0
5291.0
5291.0
5292.0
5292.0
5292.0
5292.0
5292.0
5292.0
5292.0
5292.0
5292.0
5292.0
5292.0
5292.0
5292.0
5292.0
5293.0
5293.0
5293.0
5293.0
5293.0
5293.0
5293.0
5293.0
5293.0
5293.0
5294.0
5294.0
5294.0
5294.0
5294.0
5294.0
5294.0
5294.0
5294.0
5294.0
5295.0
5295.0
5295.0
5295.0
5295.0
5295.0
5295.0
5295.0
5296.0
5296.0
5296.0
5296.0
5296.0
5296.0
5296.0
5297.0
5297.0
5297.0
5297.0
5297.0
5297.0
5298.0
5298.0
5298.0
5298.0
5298.0
5298.0
5298.0
5298.0
5299.0
5299.0
5299.0
5299.0
5299.0
5299.0
5299.0
5299.0
5300.0
5300.0
5300.0
5300.0
5300.0
5300.0
5300.0
5300.0
5300.0
5300.0
5301.0
5301.0
5301.0
5301.0
5301.0
5301.0
5301.0
5301.0
5301.0
5301.0
5301.0
5301.0
5302.0
5302.0
5302.0
5302.0
5302.0
5302.0
5302.0
5302.0
5302.0
5302.0
5302.0
5302.0
5302.0
5302.0
5302.0
5302.0
5302.0
5302.0
5302.0
5302.0
5302.0
5302.0
5302.0
5302.0
5302.0
5302.0
5302.0
5302.0
5302.0
5302.0
5302.0
5302.0
5302.0
5302.0
5301.0
5301.0
5301.0
5301.0
5301.0
5301.0
5301.0
5301.0
5301.0
5301.0
5301.0
5301.0
5301.0
5300.0
5300.0
5300.0
5300.0
5300.0
5300.0
5300.0
5300.0
5300.0
5300.0
5299.0
5299.0
5299.0
5299.0
5299.0
5299.0
5299.0
5299.0
5298.0
5298.0
5298.0
5298.0
5298.0
5298.0
5298.0
5297.0
5297.0
5297.0
5297.0
5297.0
5297.0
5297.0
5297.0
5296.0
5296.0
5296.0
5296.0
5296.0
5296.0
5296.0
5296.0
5295.0
5295.0
5295.0
5295.0
5295.0
5295.0
5295.0
5295.0
5294.0
5294.0
5294.0
5294.0
5294.0
5294.0
5294.0
5294.0
5294.0
5293.0
5293.0
5293.0
5293.0
5293.0
5293.0
5293.0
5293.0
5293.0
5293.0
5293.0
5292.0
5292.0
5292.0
5292.0
5292.0
5292.0
5292.0
5292.0
5292.0
5292.0
5292.0
5292.0
5292.0
5292.0
5292.0
5292.0
5292.0
5292.0
5292.0
5292.0
5292.0
5292.0
5292.0
5292.0
5291.0
5291.0
5291.0
5291.0
5291.0
5292.0
5292.0
5292.0
5292.0
5292.0
5292.0
5292.0
5292.0
5292.0
5292.0
5292.0
5292.0
5292.0
5292.0
5292.0
5292.0
5292.0
5292.0
5292.0
5292.0
5292.0
5292.0
5292.0
5292.0
5292.0
5293.0
5293.0
5293.0
5293.0
5293.0
5293.0
5293.0
5293.0
5293.0
5294.0
5294.0
5294.0
5294.0
5294.0
5294.0
5294.0
5294.0
5294.0
5295.0
5295.0
5295.0
5295.0
5295.0
5295.0
5295.0
5295.0
5296.0
5296.0
5296.0
5296.0
5296.0
5296.0
5296.0
5296.0
5296.0
5297.0
5297.0
5297.0
5297.0
5297.0
5297.0
5297.0
5297.0
5298.0
5298.0
5298.0
5298.0
5298.0
5298.0
5298.0
5299.0
5299.0
5299.0
5299.0
5299.0
5299.0
5299.0
5299.0
5300.0
5300.0
5300.0
5300.0
5300.0
5300.0
5300.0
5300.0
5300.0
5300.0
5301.0
5301.0
5301.0
5301.0
5301.0
5301.0
5301.0
5301.0
5301.0
5301.0
5301.0
5301.0
5301.0
5301.0
5301.0
5301.0
5302.0
5302.0
5302.0
5302.0
5302.0
5302.0
5302.0
5302.0
5302.0
5302.0
5302.0
5302.0
5302.0
5302.0
5302.0
5302.0
5302.0
5302.0
5302.0
5302.0
5302.0
5302.0
5302.0
5302.0
5302.0
5302.0
5302.0
5302.0
5302.0
5302.0
5301.0
5301.0
5301.0
5301.0
5301.0
5301.0
5301.0
5301.0
5301.0
5301.0
5301.0
5300.0
5300.0
5300.0
5300.0
5300.0
5300.0
5300.0
5300.0
5300.0
5300.0
5299.0
5299.0
5299.0
5299.0
5299.0
5299.0
5299.0
5299.0
5299.0
5298.0
5298.0
5298.0
5298.0
5298.0
5298.0
5298.0
5298.0
5297.0
5297.0
5297.0
5297.0
5297.0
5297.0
5297.0
5296.0
5296.0
5296.0
5296.0
5296.0
5296.0
5296.0
5295.0
5295.0
5295.0
5295.0
5295.0
5295.0
5295.0
5295.0
5294.0
5294.0
5294.0
5294.0
5294.0
5294.0
5294.0
5294.0
5294.0
5294.0
5293.0
5293.0
5293.0
5293.0
5293.0
5293.0
5293.0
5293.0
5293.0
5293.0
5293.0
5292.0
5292.0
5292.0
5292.0
5292.0
5292.0
5292.0
5292.0
5292.0
5292.0
5292.0
5292.0
5292.0
5292.0
5292.0
5292.0
5292.0
5292.0
5292.0
5292.0
5292.0
5291.0
5291.0
5291.0
5291.0
5291.0
5291.0
5292.0
5292.0
5292.0
5292.0
5292.0
5292.0
5292.0
5292.0
5292.0
5292.0
5292.0
5292.0
5292.0
5292.0
5292.0
5292.0
5292.0
5292.0
5292.0
5292.0
5292.0
5292.0
5293.0
5293.0
5293.0
5293.0
5293.0
5293.0
5293.0
5293.0
5293.0
5293.0
5293.0
5293.0
5293.0
5294.0
5294.0
5294.0
5294.0
5294.0
5294.0
5294.0
5294.0
5294.0
5294.0
5295.0
5295.0
5295.0
5295.0
5295.0
5295.0
5295.0
5295.0
5296.0
5296.0
5296.0
5296.0
5296.0
5296.0
5296.0
5296.0
5297.0
5297.0
5297.0
5297.0
5297.0
5297.0
5297.0
5297.0
5298.0
5298.0
5298.0
5298.0
5298.0
5298.0
5298.0
5298.0
5299.0
5299.0
5299.0
5299.0
5299.0
5299.0
5299.0
5299.0
5299.0
5299.0
5300.0
5300.0
5300.0
5300.0
5300.0
5300.0
5300.0
5300.0
5300.0
5301.0
5301.0
5301.0
5301.0
5301.0
5301.0
5301.0
5301.0
5301.0
5301.0
5301.0
5301.0
5301.0
5301.0
5301.0
5301.0
5301.0
5302.0
5302.0
5302.0
5302.0
5302.0
5302.0
5302.0
5302.0
5302.0
5302.0
5302.0
5302.0
5302.0
5302.0
5302.0
5302.0
5302.0
5302.0
5302.0
5302.0
5302.0
5302.0
5302.0
5302.0
5301.0
5301.0
5301.0
5301.0
5301.0
5301.0
5301.0
5301.0
5301.0
5301.0
5301.0
5301.0
5301.0
5301.0
5301.0
5301.0
5300.0
5300.0
5300.0
5300.0
5300.0
5300.0
5300.0
5300.0
5300.0
5300.0
5299.0
5299.0
5299.0
5299.0
5299.0
5299.0
5299.0
5298.0
5298.0
5298.0
5298.0
5298.0
5298.0
5298.0
5298.0
5298.0
5297.0
5297.0
5297.0
5297.0
5297.0
5297.0
5297.0
5297.0
5296.0
5296.0
5296.0
5296.0
5296.0
5296.0
5296.0
5295.0
5295.0
5295.0
5295.0
5295.0
5295.0
5295.0
5295.0
5294.0
5294.0
5294.0
5294.0
5294.0
5294.0
5294.0
5294.0
5293.0
5293.0
5293.0
5293.0
5293.0
5293.0
5293.0
5293.0
5293.0
5293.0
5293.0
5293.0
5292.0
5292.0
5292.0
5292.0
5292.0
5292.0
5292.0
5292.0
5292.0
5292.0
5292.0
5292.0
5292.0
5292.0
5292.0
5292.0
5292.0
5292.0
5292.0
5292.0
5292.0
5292.0
5292.0
5292.0
5292.0
5292.0
5292.0
5292.0
5292.0
5292.0
5292.0
5292.0
5292.0
5292.0
5292.0
5292.0
5292.0
5292.0
5292.0
5292.0
5292.0
5292.0
5292.0
5292.0
5292.0
5292.0
5292.0
5292.0
5293.0
5293.0
5293.0
5293.0
5293.0
5293.0
5293.0
5293.0
5293.0
5293.0
5293.0
5293.0
5294.0
5294.0
5294.0
5294.0
5294.0
5294.0
5294.0
5294.0
5294.0
5294.0
5295.0
5295.0
5295.0
5295.0
5295.0
5295.0
5295.0
5295.0
5295.0
5296.0
5296.0
5296.0
5296.0
5296.0
5296.0
5296.0
5296.0
5296.0
5297.0
5297.0
5297.0
5297.0
5297.0
5297.0
5297.0
5298.0
5298.0
5298.0
5298.0
5298.0
5298.0
5298.0
5298.0
5298.0
5299.0
5299.0
5299.0
5299.0
5299.0
5299.0
5299.0
5299.0
5299.0
5300.0
5300.0
5300.0
5300.0
5300.0
5300.0
5300.0
5300.0
5300.0
5300.0
5300.0
5300.0
5300.0
5301.0
5301.0
5301.0
5301.0
5301.0
5301.0
5301.0
5301.0
5301.0
5301.0
5301.0
5301.0
5301.0
5301.0
5301.0
5301.0
5301.0
5302.0
5302.0
5302.0
5302.0
5302.0
5302.0
5302.0
5302.0
5302.0
5302.0
5302.0
5302.0
5302.0
5302.0
5301.0
5301.0
5301.0
5301.0
5301.0
5301.0
5301.0
5301.0
5301.0
5301.0
5301.0
5301.0
5301.0
5301.0
5301.0
5301.0
5301.0
5301.0
5301.0
5301.0
5300.0
5300.0
5300.0
5300.0
5300.0
5300.0
5300.0
5300.0
5300.0
5300.0
5300.0
5300.0
5299.0
5299.0
5299.0
5299.0
5299.0
5299.0
5299.0
5299.0
5299.0
5298.0
5298.0
5298.0
5298.0
5298.0
5298.0
5298.0
5298.0
5297.0
5297.0
5297.0
5297.0
5297.0
5297.0
5297.0
5296.0
5296.0
5296.0
5296.0
5296.0
5296.0
5296.0
5296.0
5296.0
5295.0
5295.0
5295.0
5295.0
5295.0
5295.0
5295.0
5295.0
5294.0
5294.0
5294.0
5294.0
5294.0
5294.0
5294.0
5294.0
5294.0
5293.0
5293.0
5293.0
5293.0
5293.0
5293.0
5293.0
5293.0
5293.0
5293.0
5293.0
5292.0
5292.0
5292.0
5292.0
5292.0
5292.0
5292.0
5292.0
5292.0
5292.0
5292.0
5292.0
5292.0
5292.0
5292.0
5292.0
5292.0
5292.0
5292.0
5292.0
5292.0
5292.0
5292.0
5292.0
5292.0
5292.0
5292.0
5292.0
5292.0
5292.0
5292.0
5292.0
5292.0
5292.0
5292.0
5292.0
5292.0
5292.0
5292.0
5292.0
5292.0
5292.0
5292.0
5292.0
5292.0
5292.0
5292.0
5292.0
5293.0
5293.0
