-335.6
-300.7
-265.0
-228.6
-191.5
-153.9
-115.8
-77.36
-38.62
0.3198
39.35
78.39
117.3
156.0
194.5
232.5
269.9
306.8
342.9
378.1
412.4
445.6
477.7
508.6
538.2
566.3
593.1
618.4
642.2
664.4
685.2
704.3
722.0
738.2
752.9
766.2
778.0
788.5
797.8
805.8
812.6
818.2
822.9
826.4
829.1
830.9
831.9
832.2
831.8
830.8
829.4
827.4
825.2
822.7
820.1
817.3
814.6
812.1
809.8
807.7
806.2
805.1
804.7
805.0
806.1
807.9
810.8
814.5
819.3
825.1
831.8
839.6
848.4
858.2
868.9
880.4
892.7
905.7
919.4
933.5
948.1
963.0
978.1
993.3
1009.0
1024.0
1038.0
1053.0
1067.0
1080.0
1093.0
1104.0
1115.0
1125.0
1133.0
1141.0
1147.0
1151.0
1154.0
1155.0
1155.0
1152.0
1148.0
1142.0
1134.0
1125.0
1113.0
1099.0
1084.0
1066.0
1047.0
1027.0
1004.0
980.4
955.3
928.8
901.2
872.6
843.2
813.0
782.3
751.0
719.6
687.8
656.1
624.4
593.0
561.7
530.9
500.5
470.8
441.6
413.2
385.5
358.7
332.7
307.7
283.6
260.5
238.3
217.2
197.1
178.0
159.8
142.7
126.4
111.1
96.65
82.99
70.05
57.79
46.11
34.94
24.17
13.72
3.495
-6.61
-16.69
-26.86
-37.19
-47.8
-58.77
-70.19
-82.14
-94.69
-107.9
-121.9
-136.6
-152.2
-168.7
-186.1
-204.5
-223.9
-244.3
-265.7
-288.1
-311.6
-336.2
-361.9
-388.6
-416.4
-445.3
-475.1
-506.1
-538.0
-570.9
-604.7
-639.4
-674.8
-711.1
-748.0
-785.5
-823.4
-861.9
-900.5
-939.4
-978.4
-1017.0
-1056.0
-1095.0
-1133.0
-1170.0
-1207.0
-1244.0
-1279.0
-1314.0
-1347.0
-1380.0
-1411.0
-1441.0
-1470.0
-1497.0
-1523.0
-1548.0
-1571.0
-1593.0
-1613.0
-1632.0
-1649.0
-1665.0
-1680.0
-1693.0
-1705.0
-1715.0
-1724.0
-1732.0
-1739.0
-1745.0
-1750.0
-1754.0
-1758.0
-1761.0
-1763.0
-1765.0
-1766.0
-1768.0
-1770.0
-1771.0
-1773.0
-1776.0
-1779.0
-1782.0
-1786.0
-1791.0
-1797.0
-1804.0
-1811.0
-1820.0
-1830.0
-1840.0
-1852.0
-1865.0
-1879.0
-1893.0
-1909.0
-1926.0
-1943.0
-1961.0
-1980.0
-1999.0
-2019.0
-2039.0
-2060.0
-2081.0
-2102.0
-2123.0
-2143.0
-2164.0
-2184.0
-2204.0
-2224.0
-2242.0
-2260.0
-2277.0
-2294.0
-2309.0
-2323.0
-2335.0
-2347.0
-2357.0
-2365.0
-2372.0
-2378.0
-2382.0
-2384.0
-2385.0
-2384.0
-2381.0
-2377.0
-2371.0
-2364.0
-2355.0
-2345.0
-2334.0
-2321.0
-2307.0
-2292.0
-2276.0
-2259.0
-2242.0
-2223.0
-2203.0
-2183.0
-2163.0
-2142.0
-2120.0
-2099.0
-2077.0
-2055.0
-2032.0
-2010.0
-1988.0
-1966.0
-1944.0
-1923.0
-1902.0
-1881.0
-1861.0
-1841.0
-1822.0
-1804.0
-1786.0
-1769.0
-1752.0
-1736.0
-1721.0
-1707.0
-1694.0
-1681.0
-1669.0
-1657.0
-1646.0
-1636.0
-1626.0
-1617.0
-1608.0
-1599.0
-1591.0
-1582.0
-1574.0
-1566.0
-1558.0
-1549.0
-1540.0
-1531.0
-1522.0
-1512.0
-1502.0
-1491.0
-1479.0
-1467.0
-1454.0
-1440.0
-1425.0
-1409.0
-1392.0
-1374.0
-1354.0
-1334.0
-1312.0
-1289.0
-1265.0
-1240.0
-1213.0
-1185.0
-1156.0
-1125.0
-1094.0
-1061.0
-1027.0
-992.8
-957.3
-921.0
-884.0
-846.3
-808.2
-769.7
-730.9
-692.0
-652.9
-613.9
-575.1
-536.5
-498.3
-460.5
-423.3
-386.7
-350.7
-315.6
-281.4
-248.0
-215.7
-184.3
-154.1
-124.9
-96.95
-70.13
-44.52
-20.09
3.106
25.13
45.93
65.61
84.1
101.5
117.9
133.3
147.7
161.3
174.1
186.2
197.7
208.6
219.1
229.3
239.2
249.0
258.7
268.5
278.3
288.4
298.7
309.4
320.5
332.1
344.1
356.8
370.0
383.9
398.4
413.6
429.5
446.1
463.4
481.4
500.0
519.3
539.2
559.8
580.9
602.5
624.6
647.2
670.2
693.4
716.9
740.6
764.4
788.2
812.0
835.6
858.9
882.0
904.6
926.6
948.1
968.9
988.8
1008.0
1026.0
1043.0
1059.0
1074.0
1088.0
1100.0
1111.0
1121.0
1130.0
1137.0
1142.0
1146.0
1149.0
1151.0
1151.0
1150.0
1147.0
1143.0
1138.0
1131.0
1124.0
1115.0
1105.0
1095.0
1083.0
1070.0
1057.0
1043.0
1028.0
1013.0
997.6
981.7
965.6
949.3
933.0
916.7
900.6
884.7
869.0
853.8
838.9
824.6
810.8
797.7
785.2
773.4
762.2
751.8
742.0
733.0
724.7
717.0
709.9
703.5
697.6
692.2
687.3
682.7
678.5
674.6
670.8
667.2
663.5
659.9
656.0
652.0
647.7
643.0
637.9
632.2
625.8
618.8
611.0
602.3
592.6
582.0
570.3
557.6
543.6
528.5
512.2
494.6
475.7
455.6
434.2
411.7
387.8
362.8
336.6
309.3
280.9
251.5
221.2
190.0
158.0
125.3
91.86
57.92
23.43
-11.41
-46.63
-82.05
-117.7
-153.3
-189.0
-224.6
-260.0
-295.2
-330.1
-364.6
-398.6
-432.1
-465.0
-497.3
-528.8
-559.6
-589.7
-618.9
-647.2
-674.6
-701.2
-726.8
-751.5
-775.3
-798.1
-820.1
-841.2
-861.5
-881.0
-899.7
-917.7
-935.1
-951.8
-968.0
-983.8
-999.1
-1014.0
-1029.0
-1043.0
-1058.0
-1072.0
-1086.0
-1101.0
-1115.0
-1130.0
-1145.0
-1161.0
-1176.0
-1193.0
-1209.0
-1226.0
-1244.0
-1263.0
-1282.0
-1301.0
-1322.0
-1343.0
-1365.0
-1388.0
-1411.0
-1435.0
-1460.0
-1485.0
-1511.0
-1538.0
-1565.0
-1593.0
-1621.0
-1649.0
-1678.0
-1707.0
-1736.0
-1765.0
-1794.0
-1823.0
-1852.0
-1880.0
-1908.0
-1935.0
-1962.0
-1988.0
-2013.0
-2037.0
-2061.0
-2083.0
-2105.0
-2125.0
-2144.0
-2162.0
-2178.0
-2194.0
-2208.0
-2220.0
-2232.0
-2242.0
-2250.0
-2257.0
-2263.0
-2268.0
-2271.0
-2273.0
-2274.0
-2274.0
-2273.0
-2270.0
-2267.0
-2263.0
-2258.0
-2252.0
-2246.0
-2239.0
-2232.0
-2224.0
-2216.0
-2208.0
-2200.0
-2191.0
-2183.0
-2175.0
-2167.0
-2159.0
-2152.0
-2145.0
-2138.0
-2132.0
-2126.0
-2120.0
-2115.0
-2111.0
-2107.0
-2104.0
-2101.0
-2099.0
-2097.0
-2095.0
-2094.0
-2093.0
-2093.0
-2093.0
-2093.0
-2093.0
-2093.0
-2093.0
-2094.0
-2094.0
-2094.0
-2094.0
-2094.0
-2093.0
-2092.0
-2090.0
-2088.0
-2085.0
-2082.0
-2077.0
-2072.0
-2066.0
-2059.0
-2051.0
-2042.0
-2032.0
-2021.0
-2009.0
-1996.0
-1982.0
-1966.0
-1949.0
-1932.0
-1913.0
-1893.0
-1872.0
-1850.0
-1827.0
-1803.0
-1778.0
-1752.0
-1726.0
-1698.0
-1670.0
-1642.0
-1612.0
-1582.0
-1552.0
-1521.0
-1490.0
-1459.0
-1427.0
-1395.0
-1363.0
-1332.0
-1300.0
-1268.0
-1237.0
-1206.0
-1175.0
-1145.0
-1115.0
-1086.0
-1057.0
-1029.0
-1002.0
-974.9
-948.7
-923.3
-898.5
-874.5
-851.1
-828.5
-806.5
-785.3
-764.6
-744.5
-725.0
-706.1
-687.6
-669.6
-651.9
-634.6
-617.6
-600.8
-584.1
-567.6
-551.1
-534.5
-517.9
-501.1
-484.1
-466.8
-449.2
-431.2
-412.8
-393.9
-374.4
-354.3
-333.6
-312.2
-290.2
-267.4
-243.9
-219.7
-194.7
-169.1
-142.7
-115.6
-87.88
-59.52
-30.58
-1.087
28.88
59.29
90.06
121.1
152.4
183.9
215.5
247.1
278.6
310.0
341.1
372.0
402.5
432.6
462.1
491.1
519.4
547.0
573.8
599.8
624.9
649.0
672.2
694.3
715.4
735.4
754.2
771.9
788.5
804.0
818.2
831.4
843.4
854.3
864.1
873.0
880.7
887.6
893.5
898.6
902.8
906.3
909.1
911.4
913.0
914.2
914.9
915.3
915.4
915.3
914.9
914.6
914.1
913.6
913.2
912.9
912.8
912.8
913.0
913.6
914.4
915.5
916.9
918.7
920.8
923.3
926.1
929.3
932.7
936.6
940.6
945.0
949.6
954.3
959.2
964.2
969.3
974.3
979.2
984.1
988.7
993.1
997.1
1001.0
1004.0
1007.0
1009.0
1010.0
1011.0
1011.0
1010.0
1009.0
1006.0
1002.0
997.9
992.4
985.7
978.1
969.3
959.4
948.4
936.3
923.1
908.8
893.3
876.9
859.3
840.7
821.1
800.7
779.2
757.0
733.9
710.1
685.5
660.4
634.7
608.6
581.9
555.0
527.8
500.4
472.8
445.3
417.6
390.2
362.8
335.6
308.7
282.1
255.9
230.1
204.7
179.8
155.4
131.5
108.2
85.42
63.21
41.59
20.5
-0.006889
-20.0
-39.46
-58.43
-76.92
-94.99
-112.7
-130.0
-147.0
-163.7
-180.2
-196.5
-212.7
-228.9
-245.1
-261.3
-277.7
-294.2
-310.9
-328.0
-345.4
-363.2
-381.4
-400.2
-419.4
-439.3
-459.7
-480.8
-502.6
-525.0
-548.1
-572.0
-596.5
-621.8
-647.7
-674.4
-701.6
-729.6
-758.1
-787.3
-816.9
-847.1
-877.8
-908.8
-940.2
-972.0
-1004.0
-1036.0
-1068.0
-1101.0
-1133.0
-1165.0
-1197.0
-1229.0
-1261.0
-1292.0
-1323.0
-1354.0
-1384.0
-1413.0
-1442.0
-1470.0
-1497.0
-1524.0
-1549.0
-1574.0
-1598.0
-1621.0
-1643.0
-1665.0
-1685.0
-1704.0
-1722.0
-1740.0
-1756.0
-1772.0
-1786.0
-1800.0
-1813.0
-1826.0
-1837.0
-1848.0
-1858.0
-1868.0
-1877.0
-1885.0
-1893.0
-1901.0
-1908.0
-1915.0
-1922.0
-1929.0
-1936.0
-1942.0
-1949.0
-1955.0
-1962.0
-1969.0
-1976.0
-1983.0
-1991.0
-1999.0
-2007.0
-2015.0
-2024.0
-2033.0
-2043.0
-2053.0
-2063.0
-2073.0
-2084.0
-2095.0
-2106.0
-2118.0
-2129.0
-2141.0
-2153.0
-2165.0
-2177.0
-2188.0
-2200.0
-2211.0
-2222.0
-2233.0
-2243.0
-2253.0
-2262.0
-2271.0
-2279.0
-2287.0
-2293.0
-2299.0
-2304.0
-2308.0
-2311.0
-2313.0
-2315.0
-2315.0
-2314.0
-2312.0
-2309.0
-2305.0
-2299.0
-2293.0
-2286.0
-2277.0
-2267.0
-2257.0
-2245.0
-2232.0
-2219.0
-2204.0
-2189.0
-2173.0
-2156.0
-2138.0
-2120.0
-2101.0
-2082.0
-2062.0
-2042.0
-2021.0
-2000.0
-1979.0
-1957.0
-1936.0
-1914.0
-1892.0
-1871.0
-1849.0
-1828.0
-1807.0
-1786.0
-1765.0
-1744.0
-1724.0
-1704.0
-1684.0
-1664.0
-1645.0
-1627.0
-1608.0
-1590.0
-1572.0
-1555.0
-1538.0
-1521.0
-1504.0
-1487.0
-1471.0
-1455.0
-1439.0
-1423.0
-1407.0
-1391.0
-1376.0
-1360.0
-1343.0
-1327.0
-1311.0
-1294.0
-1277.0
-1259.0
-1241.0
-1223.0
-1204.0
-1184.0
-1165.0
-1144.0
-1123.0
-1101.0
-1079.0
-1056.0
-1032.0
-1008.0
-982.8
-957.2
-930.8
-903.8
-876.2
-848.0
-819.1
-789.7
-759.8
-729.3
-698.4
-667.1
-635.4
-603.4
-571.1
-538.6
-505.9
-473.0
-440.2
-407.3
-374.5
-341.9
-309.4
-277.1
-245.2
-213.6
-182.5
-151.8
-121.6
-91.97
-62.96
-34.57
-6.874
20.13
46.4
71.93
96.67
120.7
143.8
166.3
187.9
208.7
228.8
248.1
266.7
284.6
301.8
318.4
334.3
349.7
364.5
378.8
392.7
406.2
419.3
432.1
444.6
457.0
469.2
481.3
493.3
505.3
517.3
529.4
541.6
553.9
566.4
579.2
592.1
605.3
618.8
632.5
646.6
660.9
675.5
690.4
705.6
721.0
736.6
752.4
768.4
784.6
800.9
817.2
833.5
849.9
866.1
882.2
898.2
914.0
929.4
944.6
959.3
973.7
987.5
1001.0
1014.0
1026.0
1037.0
1048.0
1058.0
1067.0
1075.0
1082.0
1089.0
1094.0
1099.0
1103.0
1105.0
1107.0
1108.0
1107.0
1106.0
1104.0
1100.0
1096.0
1091.0
1085.0
1078.0
1070.0
1062.0
1053.0
1043.0
1032.0
1021.0
1009.0
996.5
983.7
970.4
956.8
942.8
928.6
914.1
899.4
884.6
869.7
854.8
839.9
824.9
810.1
795.3
780.6
766.1
751.8
737.6
723.7
709.9
696.4
683.1
670.0
657.1
644.4
631.8
619.5
607.3
595.2
583.1
571.2
559.2
547.3
535.3
523.2
510.9
498.5
485.9
473.0
459.8
446.2
432.3
417.9
403.0
387.7
371.8
355.3
338.2
320.5
302.1
283.1
263.3
242.9
221.6
199.7
177.0
153.6
129.5
104.6
79.03
52.78
25.83
-1.724
-29.93
-58.68
-88.0
-117.8
-148.1
-178.7
-209.8
-241.2
-272.8
-304.6
-336.6
-368.7
-400.9
-433.0
-465.1
-497.1
-528.9
-560.4
-591.8
-622.8
-653.4
-683.6
-713.5
-742.8
-771.6
-799.9
-827.7
-854.9
-881.5
-907.5
-932.9
-957.7
-981.8
-1005.0
-1028.0
-1051.0
-1072.0
-1094.0
-1114.0
-1135.0
-1154.0
-1174.0
-1192.0
-1211.0
-1229.0
-1247.0
-1264.0
-1282.0
-1299.0
-1316.0
-1333.0
-1350.0
-1366.0
-1383.0
-1400.0
-1417.0
-1434.0
-1452.0
-1469.0
-1487.0
-1505.0
-1523.0
-1541.0
-1560.0
-1579.0
-1598.0
-1618.0
-1637.0
-1657.0
-1678.0
-1698.0
-1719.0
-1740.0
-1761.0
-1782.0
-1803.0
-1824.0
-1845.0
-1867.0
-1888.0
-1909.0
-1929.0
-1950.0
-1970.0
-1990.0
-2010.0
-2029.0
-2048.0
-2066.0
-2084.0
-2101.0
-2118.0
-2133.0
-2148.0
-2163.0
-2176.0
-2189.0
-2201.0
-2212.0
-2222.0
-2231.0
-2239.0
-2247.0
-2253.0
-2259.0
-2264.0
-2267.0
-2270.0
-2272.0
-2274.0
-2274.0
-2274.0
-2273.0
-2271.0
-2268.0
-2265.0
-2262.0
-2257.0
-2253.0
-2247.0
-2242.0
-2236.0
-2229.0
-2222.0
-2215.0
-2208.0
-2201.0
-2193.0
-2186.0
-2178.0
-2170.0
-2163.0
-2155.0
-2147.0
-2139.0
-2132.0
-2124.0
-2117.0
-2110.0
-2103.0
-2096.0
-2089.0
-2082.0
-2075.0
-2069.0
-2062.0
-2055.0
-2049.0
-2042.0
-2036.0
-2029.0
-2022.0
-2015.0
-2008.0
-2000.0
-1993.0
-1985.0
-1976.0
-1968.0
-1959.0
-1949.0
-1939.0
-1928.0
-1917.0
-1906.0
-1893.0
-1880.0
-1867.0
-1852.0
-1837.0
-1822.0
-1805.0
-1788.0
-1770.0
-1751.0
-1732.0
-1712.0
-1691.0
-1669.0
-1647.0
-1624.0
-1600.0
-1575.0
-1550.0
-1525.0
-1498.0
-1472.0
-1445.0
-1417.0
-1389.0
-1360.0
-1332.0
-1303.0
-1273.0
-1244.0
-1214.0
-1184.0
-1155.0
-1125.0
-1095.0
-1065.0
-1036.0
-1006.0
-977.2
-948.2
-919.4
-890.9
-862.7
-834.8
-807.3
-780.2
-753.4
-727.0
-701.1
-675.5
-650.3
-625.6
-601.2
-577.3
-553.7
-530.5
-507.6
-485.1
-462.8
-440.9
-419.2
-397.8
-376.5
-355.4
-334.4
-313.6
-292.8
-272.1
-251.4
-230.6
-209.8
-189.0
-168.0
-146.8
-125.6
-104.1
-82.43
-60.55
-38.43
-16.08
6.545
29.41
52.56
75.95
99.62
123.5
147.7
172.0
196.6
221.4
246.4
271.4
296.6
321.9
347.2
372.5
397.8
423.0
448.2
473.1
497.8
522.3
546.6
570.4
593.9
617.0
639.6
661.7
683.3
704.2
724.6
744.2
763.3
781.5
799.1
815.9
831.9
847.1
861.5
875.1
887.8
899.8
910.9
921.2
930.7
939.4
947.3
954.5
960.9
966.6
971.6
975.9
979.7
982.7
985.3
987.2
988.8
989.8
990.4
990.6
990.6
990.1
989.5
988.5
987.4
986.1
984.6
983.1
981.5
979.7
978.0
976.2
974.5
972.7
971.0
969.3
967.6
965.9
964.3
962.7
961.1
959.5
957.9
956.3
954.6
952.8
951.0
949.0
946.9
944.6
942.1
939.3
936.3
933.0
929.4
925.3
920.9
916.0
910.7
904.8
898.4
891.5
883.9
875.7
867.0
857.5
847.4
836.5
825.0
812.7
799.7
786.0
771.6
756.3
740.4
723.8
706.5
688.4
669.7
650.3
630.3
609.6
588.4
566.6
544.3
521.5
498.3
474.6
450.6
426.1
401.4
376.5
351.3
325.9
300.3
274.7
249.0
223.2
197.5
171.7
146.1
120.5
95.11
69.83
44.75
19.85
-4.811
-29.26
-53.44
-77.38
-101.0
-124.5
-147.6
-170.4
-193.0
-215.4
-237.5
-259.4
-281.0
-302.5
-323.8
-344.9
-365.9
-386.8
-407.7
-428.4
-449.2
-470.0
-490.8
-511.6
-532.6
-553.6
-574.9
-596.2
-617.8
-639.7
-661.7
-684.1
-706.7
-729.6
-752.8
-776.4
-800.2
-824.5
-849.0
-873.9
-899.1
-924.7
-950.6
-976.8
-1003.0
-1030.0
-1057.0
-1084.0
-1112.0
-1139.0
-1167.0
-1195.0
-1222.0
-1250.0
-1278.0
-1306.0
-1334.0
-1361.0
-1389.0
-1416.0
-1443.0
-1470.0
-1496.0
-1522.0
-1548.0
-1573.0
-1598.0
-1622.0
-1645.0
-1668.0
-1691.0
-1713.0
-1734.0
-1755.0
-1775.0
-1794.0
-1812.0
-1830.0
-1848.0
-1864.0
-1880.0
-1895.0
-1910.0
-1923.0
-1937.0
-1949.0
-1961.0
-1973.0
-1984.0
-1994.0
-2004.0
-2013.0
-2022.0
-2031.0
-2039.0
-2047.0
-2055.0
-2062.0
-2069.0
-2076.0
-2082.0
-2089.0
-2095.0
-2101.0
-2107.0
-2113.0
-2119.0
-2124.0
-2130.0
-2136.0
-2141.0
-2147.0
-2153.0
-2158.0
-2164.0
-2169.0
-2175.0
-2180.0
-2185.0
-2190.0
-2196.0
-2201.0
-2205.0
-2210.0
-2214.0
-2219.0
-2223.0
-2226.0
-2230.0
-2233.0
-2235.0
-2237.0
-2239.0
-2240.0
-2241.0
-2241.0
-2241.0
-2240.0
-2238.0
-2236.0
-2233.0
-2230.0
-2226.0
-2221.0
-2215.0
-2208.0
-2201.0
-2193.0
-2185.0
-2175.0
-2165.0
-2154.0
-2143.0
-2130.0
-2117.0
-2103.0
-2089.0
-2074.0
-2058.0
-2042.0
-2025.0
-2008.0
-1990.0
-1971.0
-1953.0
-1933.0
-1914.0
-1894.0
-1873.0
-1853.0
-1832.0
-1811.0
-1789.0
-1768.0
-1747.0
-1725.0
-1703.0
-1682.0
-1660.0
-1638.0
-1617.0
-1595.0
-1574.0
-1552.0
-1531.0
-1510.0
-1488.0
-1467.0
-1447.0
-1426.0
-1405.0
-1385.0
-1364.0
-1344.0
-1323.0
-1303.0
-1283.0
-1263.0
-1243.0
-1223.0
-1203.0
-1182.0
-1162.0
-1142.0
-1121.0
-1101.0
-1080.0
-1059.0
-1038.0
-1017.0
-994.9
-973.0
-950.9
-928.4
-905.7
-882.6
-859.1
-835.3
-811.2
-786.7
-761.9
-736.7
-711.1
-685.2
-658.9
-632.3
-605.4
-578.2
-550.7
-522.9
-494.9
-466.7
-438.3
-409.7
-380.9
-352.1
-323.1
-294.2
-265.2
-236.2
-207.3
-178.5
-149.8
-121.3
-92.99
-64.89
-37.05
-9.505
17.72
44.59
71.09
97.16
122.8
148.0
172.8
197.0
220.7
244.0
266.7
288.8
310.5
331.5
352.1
372.0
391.5
410.4
428.9
446.8
464.2
481.1
497.6
513.7
529.3
544.5
559.4
573.9
588.1
601.9
615.5
628.8
641.9
654.8
667.5
679.9
692.3
704.5
716.7
728.7
740.7
752.5
764.4
776.1
787.9
799.5
811.2
822.8
834.4
845.8
857.3
868.7
880.0
891.2
902.3
913.3
924.1
934.7
945.2
955.4
965.3
975.0
984.4
993.5
1002.0
1010.0
1018.0
1026.0
1033.0
1039.0
1045.0
1050.0
1055.0
1059.0
1063.0
1066.0
1068.0
1069.0
1070.0
1070.0
1070.0
1068.0
1066.0
1064.0
1060.0
1056.0
1051.0
1045.0
1039.0
1032.0
1024.0
1016.0
1007.0
996.9
986.6
975.7
964.3
952.3
939.9
926.9
913.6
899.8
885.6
871.0
856.2
841.0
825.6
809.8
793.9
777.8
761.6
745.1
728.6
712.0
695.3
678.5
661.7
644.8
627.9
610.9
594.0
577.0
560.1
543.1
526.2
509.2
492.2
475.2
458.1
441.0
423.9
406.6
389.3
371.9
354.3
336.6
318.8
300.8
282.6
264.1
245.5
226.5
207.3
187.8
168.0
147.8
127.3
106.4
85.2
63.56
41.55
19.11
-3.706
-26.96
-50.61
-74.69
-99.15
-124.0
-149.3
-175.0
-201.0
-227.4
-254.2
-281.3
-308.7
-336.4
-364.3
-392.5
-420.9
-449.5
-478.3
-507.2
-536.2
-565.2
-594.3
-623.4
-652.5
-681.5
-710.4
-739.2
-767.8
-796.3
-824.6
-852.6
-880.3
-907.8
-935.0
-961.8
-988.3
-1014.0
-1040.0
-1066.0
-1091.0
-1115.0
-1139.0
-1163.0
-1186.0
-1209.0
-1232.0
-1254.0
-1275.0
-1297.0
-1318.0
-1338.0
-1358.0
-1378.0
-1398.0
-1417.0
-1436.0
-1455.0
-1473.0
-1491.0
-1509.0
-1527.0
-1545.0
-1562.0
-1580.0
-1597.0
-1614.0
-1631.0
-1648.0
-1665.0
-1682.0
-1699.0
-1716.0
-1733.0
-1750.0
-1767.0
-1784.0
-1801.0
-1818.0
-1835.0
-1852.0
-1868.0
-1885.0
-1902.0
-1919.0
-1935.0
-1952.0
-1968.0
-1984.0
-2000.0
-2016.0
-2031.0
-2046.0
-2061.0
-2076.0
-2090.0
-2104.0
-2118.0
-2131.0
-2144.0
-2156.0
-2168.0
-2179.0
-2189.0
-2200.0
-2209.0
-2218.0
-2226.0
-2234.0
-2241.0
-2247.0
-2253.0
-2258.0
-2262.0
-2266.0
-2269.0
-2272.0
-2273.0
-2274.0
-2275.0
-2274.0
-2273.0
-2272.0
-2270.0
-2267.0
-2264.0
-2260.0
-2256.0
-2251.0
-2245.0
-2240.0
-2233.0
-2227.0
-2220.0
-2212.0
-2205.0
-2197.0
-2188.0
-2179.0
-2170.0
-2161.0
-2152.0
-2142.0
-2133.0
-2123.0
-2112.0
-2102.0
-2092.0
-2081.0
-2070.0
-2060.0
-2049.0
-2038.0
-2026.0
-2015.0
-2003.0
-1992.0
-1980.0
-1968.0
-1956.0
-1944.0
-1931.0
-1919.0
-1906.0
-1893.0
-1879.0
-1866.0
-1852.0
-1837.0
-1823.0
-1808.0
-1793.0
-1777.0
-1761.0
-1745.0
-1728.0
-1710.0
-1693.0
-1674.0
-1656.0
-1637.0
-1617.0
-1597.0
-1576.0
-1555.0
-1534.0
-1512.0
-1489.0
-1466.0
-1443.0
-1419.0
-1395.0
-1370.0
-1345.0
-1319.0
-1293.0
-1267.0
-1240.0
-1213.0
-1186.0
-1158.0
-1131.0
-1103.0
-1074.0
-1046.0
-1018.0
-989.2
-960.5
-931.9
-903.2
-874.6
-845.9
-817.4
-788.9
-760.5
-732.3
-704.2
-676.3
-648.6
-621.1
-593.9
-566.8
-540.0
-513.5
-487.2
-461.2
-435.5
-410.1
-384.9
-360.1
-335.4
-311.1
-287.1
-263.3
-239.7
-216.4
-193.3
-170.4
-147.7
-125.3
-103.0
-80.86
-58.86
-37.02
-15.28
6.335
27.88
49.33
70.73
92.06
113.4
134.6
155.9
177.1
198.3
219.5
240.7
261.9
283.1
304.3
325.5
346.7
367.9
389.0
410.1
431.1
452.1
473.0
493.8
514.4
535.0
555.3
575.6
595.6
615.4
634.9
654.2
673.1
691.8
710.1
728.1
745.6
762.8
779.5
795.7
811.5
826.8
841.5
855.8
869.4
882.6
895.1
907.1
918.4
929.2
939.3
948.8
957.7
966.0
973.7
980.8
987.2
993.1
998.4
1003.0
1007.0
1011.0
1014.0
1016.0
1018.0
1020.0
1021.0
1022.0
1022.0
1021.0
1021.0
1020.0
1018.0
1017.0
1015.0
1012.0
1010.0
1007.0
1003.0
1000.0
996.5
992.7
988.6
984.5
980.1
975.5
970.8
965.9
960.8
955.7
950.3
944.7
939.0
933.1
927.0
920.8
914.3
907.7
900.7
893.6
886.2
878.6
870.6
862.4
853.8
844.9
835.7
826.1
816.1
805.8
795.0
783.8
772.1
760.0
747.5
734.5
720.9
706.9
692.4
677.4
661.8
645.8
629.2
612.2
594.5
576.5
557.8
538.8
519.1
499.1
478.5
457.6
436.1
414.3
392.0
369.4
346.4
323.1
299.4
275.4
251.2
226.7
201.9
177.0
151.9
126.6
101.2
75.67
50.04
24.37
-1.376
-27.12
-52.89
-78.63
-104.4
-130.0
-155.6
-181.1
-206.6
-231.9
-257.2
-282.3
-307.3
-332.2
-356.9
-381.5
-406.0
-430.4
-454.7
-478.8
-502.8
-526.7
-550.5
-574.2
-597.9
-621.4
-644.9
-668.4
-691.8
-715.2
-738.6
-761.9
-785.3
-808.7
-832.2
-855.7
-879.2
-902.8
-926.5
-950.2
-974.0
-997.9
-1022.0
-1046.0
-1070.0
-1094.0
-1119.0
-1143.0
-1168.0
-1192.0
-1217.0
-1241.0
-1266.0
-1291.0
-1315.0
-1340.0
-1365.0
-1389.0
-1414.0
-1438.0
-1462.0
-1487.0
-1511.0
-1534.0
-1558.0
-1581.0
-1605.0
-1627.0
-1650.0
-1672.0
-1694.0
-1716.0
-1737.0
-1757.0
-1778.0
-1798.0
-1817.0
-1836.0
-1854.0
-1872.0
-1890.0
-1907.0
-1923.0
-1939.0
-1954.0
-1969.0
-1983.0
-1997.0
-2010.0
-2022.0
-2035.0
-2046.0
-2057.0
-2068.0
-2078.0
-2087.0
-2096.0
-2105.0
-2113.0
-2121.0
-2128.0
-2135.0
-2142.0
-2148.0
-2154.0
-2160.0
-2165.0
-2170.0
-2174.0
-2179.0
-2183.0
-2187.0
-2190.0
-2193.0
-2196.0
-2199.0
-2202.0
-2204.0
-2207.0
-2209.0
-2210.0
-2212.0
-2213.0
-2214.0
-2215.0
-2216.0
-2216.0
-2217.0
-2217.0
-2216.0
-2216.0
-2215.0
-2214.0
-2212.0
-2210.0
-2208.0
-2205.0
-2203.0
-2199.0
-2196.0
-2191.0
-2187.0
-2182.0
-2176.0
-2170.0
-2164.0
-2157.0
-2149.0
-2141.0
-2133.0
-2124.0
-2114.0
-2104.0
-2094.0
-2082.0
-2071.0
-2058.0
-2046.0
-2032.0
-2018.0
-2004.0
-1989.0
-1974.0
-1958.0
-1941.0
-1924.0
-1907.0
-1889.0
-1871.0
-1853.0
-1834.0
-1814.0
-1795.0
-1775.0
-1754.0
-1734.0
-1713.0
-1692.0
-1670.0
-1649.0
-1627.0
-1605.0
-1583.0
-1560.0
-1538.0
-1516.0
-1493.0
-1470.0
-1448.0
-1425.0
-1402.0
-1379.0
-1357.0
-1334.0
-1311.0
-1288.0
-1265.0
-1242.0
-1219.0
-1196.0
-1173.0
-1150.0
-1127.0
-1105.0
-1082.0
-1059.0
-1036.0
-1012.0
-989.3
-966.1
-942.8
-919.5
-896.0
-872.5
-848.9
-825.1
-801.2
-777.2
-753.1
-728.8
-704.4
-679.8
-655.0
-630.1
-605.1
-579.9
-554.5
-528.9
-503.2
-477.4
-451.4
-425.2
-399.0
-372.6
-346.1
-319.5
-292.9
-266.1
-239.3
-212.5
-185.7
-158.8
-132.0
-105.2
-78.47
-51.82
-25.28
1.147
27.42
53.54
79.45
105.2
130.7
155.9
180.9
205.6
229.9
254.0
277.7
301.1
324.0
346.6
368.8
390.6
412.0
433.0
453.5
473.6
493.3
512.5
531.2
549.6
567.5
584.9
601.9
618.5
634.6
650.4
665.7
680.6
695.1
709.2
723.0
736.4
749.4
762.1
774.4
786.5
798.2
809.6
820.7
831.6
842.1
852.5
862.5
872.3
881.8
891.1
900.2
909.0
917.6
925.9
934.0
941.9
949.5
956.9
964.1
971.0
977.6
983.9
990.0
995.8
1001.0
1006.0
1011.0
1016.0
1020.0
1024.0
1027.0
1030.0
1033.0
1035.0
1037.0
1038.0
1039.0
1039.0
1039.0
1039.0
1037.0
1036.0
1034.0
1031.0
1028.0
1024.0
1020.0
1015.0
1009.0
1003.0
996.6
989.5
981.8
973.6
964.8
955.5
945.6
935.2
924.3
913.0
901.0
888.7
875.8
862.6
848.8
834.7
820.2
805.3
790.0
774.3
758.3
742.1
725.5
708.6
691.4
674.1
656.4
638.6
620.6
602.4
583.9
565.4
546.7
527.8
508.8
489.7
470.5
451.2
431.7
412.2
392.6
372.9
353.1
333.2
313.2
293.1
272.9
252.6
232.2
211.7
191.1
170.3
149.5
128.4
107.3
85.97
64.47
42.84
21.0
-0.992
-23.2
-45.58
-68.19
-90.98
-114.0
-137.2
-160.7
-184.4
-208.3
-232.4
-256.7
-281.3
-306.1
-331.1
-356.4
-381.8
-407.4
-433.2
-459.2
-485.4
-511.7
-538.2
-564.8
-591.5
-618.4
-645.3
-672.2
-699.3
-726.3
-753.4
-780.5
-807.5
-834.5
-861.5
-888.4
-915.1
-941.8
-968.3
-994.7
-1021.0
-1047.0
-1073.0
-1098.0
-1124.0
-1149.0
-1174.0
-1198.0
-1222.0
-1246.0
-1270.0
-1294.0
-1317.0
-1340.0
-1362.0
-1384.0
-1406.0
-1428.0
-1449.0
-1470.0
-1490.0
-1511.0
-1531.0
-1550.0
-1570.0
-1589.0
-1608.0
-1626.0
-1644.0
-1662.0
-1680.0
-1698.0
-1715.0
-1732.0
-1749.0
-1766.0
-1782.0
-1798.0
-1814.0
-1830.0
-1846.0
-1861.0
-1877.0
-1892.0
-1907.0
-1921.0
-1936.0
-1950.0
-1965.0
-1979.0
-1993.0
-2006.0
-2020.0
-2033.0
-2046.0
-2058.0
-2071.0
-2083.0
-2095.0
-2107.0
-2118.0
-2129.0
-2140.0
-2150.0
-2160.0
-2170.0
-2179.0
-2188.0
-2196.0
-2204.0
-2211.0
-2218.0
-2225.0
-2231.0
-2237.0
-2242.0
-2246.0
-2250.0
-2254.0
-2257.0
-2259.0
-2261.0
-2262.0
-2263.0
-2263.0
-2263.0
-2262.0
-2260.0
-2258.0
-2256.0
-2253.0
-2249.0
-2245.0
-2240.0
-2235.0
-2229.0
-2223.0
-2217.0
-2209.0
-2202.0
-2194.0
-2185.0
-2177.0
-2167.0
-2158.0
-2148.0
-2137.0
-2126.0
-2115.0
-2104.0
-2092.0
-2080.0
-2068.0
-2055.0
-2043.0
-2030.0
-2016.0
-2003.0
-1989.0
-1975.0
-1960.0
-1946.0
-1931.0
-1916.0
-1901.0
-1885.0
-1870.0
-1854.0
-1838.0
-1822.0
-1805.0
-1788.0
-1772.0
-1754.0
-1737.0
-1719.0
-1701.0
-1683.0
-1665.0
-1646.0
-1627.0
-1608.0
-1588.0
-1568.0
-1548.0
-1528.0
-1507.0
-1486.0
-1465.0
-1443.0
-1421.0
-1399.0
-1376.0
-1353.0
-1330.0
-1307.0
-1283.0
-1259.0
-1234.0
-1210.0
-1185.0
-1160.0
-1134.0
-1109.0
-1083.0
-1057.0
-1031.0
-1004.0
-977.4
-950.6
-923.7
-896.6
-869.4
-842.2
-814.8
-787.4
-760.0
-732.6
-705.2
-677.7
-650.3
-623.0
-595.7
-568.5
-541.4
-514.4
-487.5
-460.8
-434.2
-407.8
-381.6
-355.5
-329.6
-303.9
-278.5
-253.2
-228.1
-203.3
-178.7
-154.3
-130.2
-106.2
-82.53
-59.06
-35.79
-12.76
10.07
32.67
55.08
77.26
99.27
121.1
142.7
164.1
185.3
206.4
227.3
248.0
268.6
289.0
309.3
329.4
349.4
369.2
388.9
408.4
427.8
447.1
466.2
485.1
503.9
522.5
541.0
559.3
577.4
595.3
613.1
630.6
647.9
665.0
681.9
698.4
714.8
730.9
746.7
762.1
777.3
792.1
806.7
820.8
834.6
848.0
861.0
873.6
885.8
897.6
908.9
919.8
930.2
940.1
949.6
958.6
967.1
975.1
982.6
989.5
996.0
1002.0
1007.0
1012.0
1017.0
1021.0
1024.0
1027.0
1030.0
1031.0
1033.0
1034.0
1034.0
1034.0
1034.0
1033.0
1032.0
1030.0
1028.0
1025.0
1023.0
1019.0
1016.0
1011.0
1007.0
1002.0
997.2
991.7
986.0
979.9
973.6
966.9
959.9
952.7
945.2
937.3
929.3
920.9
912.3
903.3
894.2
884.7
875.0
865.0
854.8
844.2
833.4
822.3
810.9
799.1
787.2
774.8
762.2
749.3
736.0
722.4
708.5
694.2
679.5
664.5
649.2
633.5
617.4
600.9
584.1
566.9
549.3
531.3
513.0
494.2
475.1
455.6
435.7
415.5
394.9
373.9
352.6
330.9
308.9
286.6
263.9
240.9
217.7
194.1
170.3
146.2
121.9
97.33
72.57
47.58
22.43
-2.917
-28.39
-54.03
-79.77
-105.6
-131.6
-157.6
-183.7
-209.8
-236.0
-262.2
-288.4
-314.6
-340.7
-366.9
-393.0
-419.0
-445.0
-471.0
-496.8
-522.6
-548.3
-573.9
-599.4
-624.8
-650.1
-675.4
-700.5
-725.5
-750.4
-775.2
-799.9
-824.4
-848.9
-873.3
-897.7
-921.9
-946.0
-970.0
-994.0
-1018.0
-1042.0
-1065.0
-1089.0
-1113.0
-1136.0
-1160.0
-1183.0
-1206.0
-1230.0
-1253.0
-1276.0
-1299.0
-1322.0
-1345.0
-1368.0
-1390.0
-1413.0
-1435.0
-1458.0
-1480.0
-1502.0
-1524.0
-1546.0
-1568.0
-1589.0
-1611.0
-1632.0
-1653.0
-1674.0
-1694.0
-1714.0
-1734.0
-1754.0
-1773.0
-1792.0
-1811.0
-1830.0
-1848.0
-1865.0
-1883.0
-1900.0
-1916.0
-1933.0
-1948.0
-1964.0
-1979.0
-1993.0
-2007.0
-2021.0
-2034.0
-2047.0
-2059.0
-2071.0
-2083.0
-2094.0
-2104.0
-2114.0
-2124.0
-2133.0
-2141.0
-2150.0
-2157.0
-2165.0
-2172.0
-2178.0
-2184.0
-2190.0
-2195.0
-2200.0
-2204.0
-2208.0
-2212.0
-2215.0
-2218.0
-2221.0
-2223.0
-2225.0
-2227.0
-2228.0
-2229.0
-2229.0
-2230.0
-2230.0
-2229.0
-2229.0
-2228.0
-2226.0
-2225.0
-2223.0
-2221.0
-2218.0
-2215.0
-2212.0
-2209.0
-2205.0
-2201.0
-2197.0
-2192.0
-2187.0
-2181.0
-2176.0
-2169.0
-2163.0
-2156.0
-2149.0
-2141.0
-2133.0
-2125.0
-2116.0
-2107.0
-2097.0
-2087.0
-2077.0
-2066.0
-2055.0
-2043.0
-2031.0
-2018.0
-2005.0
-1992.0
-1978.0
-1964.0
-1949.0
-1934.0
-1918.0
-1902.0
-1886.0
-1869.0
-1852.0
-1834.0
-1816.0
-1797.0
-1779.0
-1759.0
-1740.0
-1720.0
-1700.0
-1679.0
-1658.0
-1637.0
-1616.0
-1594.0
-1572.0
-1550.0
-1527.0
-1504.0
-1482.0
-1458.0
-1435.0
-1412.0
-1388.0
-1364.0
-1340.0
-1316.0
-1292.0
-1268.0
-1244.0
-1219.0
-1195.0
-1170.0
-1146.0
-1121.0
-1096.0
-1071.0
-1046.0
-1021.0
-996.6
-971.6
-946.6
-921.6
-896.5
-871.5
-846.4
-821.2
-796.1
-770.9
-745.7
-720.5
-695.2
-669.9
-644.6
-619.2
-593.9
-568.5
-543.0
-517.6
-492.1
-466.5
-441.0
-415.4
-389.8
-364.2
-338.5
-312.9
-287.2
-261.5
-235.9
-210.2
-184.6
-159.0
-133.4
-107.8
-82.36
-56.94
-31.57
-6.31
18.87
43.94
68.9
93.71
118.4
142.9
167.2
191.4
215.4
239.1
262.6
285.9
308.9
331.7
354.2
376.4
398.3
419.8
441.1
462.0
482.5
502.7
522.6
542.0
561.1
579.8
598.1
616.0
633.5
650.6
667.3
683.6
699.4
714.8
729.9
744.5
758.7
772.4
785.8
798.8
811.4
823.5
835.3
846.6
857.6
868.2
878.4
888.2
897.7
906.8
915.6
924.0
932.0
939.7
947.0
954.0
960.7
967.0
973.0
978.7
984.0
989.0
993.7
998.1
1002.0
1006.0
1009.0
1012.0
1015.0
1017.0
1019.0
1021.0
1022.0
1023.0
1024.0
1024.0
1024.0
1024.0
1023.0
1022.0
1020.0
1018.0
1016.0
1013.0
1010.0
1006.0
1002.0
997.4
992.5
987.1
981.3
975.0
968.4
961.2
953.7
945.6
937.1
928.2
918.8
909.0
898.7
888.0
876.8
865.2
853.2
840.7
827.9
814.6
800.9
786.8
772.4
757.5
742.3
726.7
710.8
694.5
677.9
661.0
643.8
626.2
608.4
590.3
571.9
553.2
534.4
515.3
495.9
476.4
456.6
436.6
416.5
396.1
375.7
355.0
334.2
313.2
292.1
270.8
249.4
227.8
206.2
184.4
162.5
140.4
118.3
96.0
73.62
51.1
28.49
5.732
-17.12
-40.1
-63.19
-86.41
-109.7
-133.2
-156.8
-180.5
-204.3
-228.2
-252.3
-276.5
-300.8
-325.3
-349.8
-374.5
-399.3
-424.3
-449.3
-474.5
-499.7
-525.1
-550.6
-576.1
-601.8
-627.5
-653.3
-679.2
-705.1
-731.1
-757.1
-783.1
-809.1
-835.2
-861.3
-887.3
-913.3
-939.3
-965.2
-991.0
-1017.0
-1042.0
-1068.0
-1094.0
-1119.0
-1144.0
-1169.0
-1194.0
-1219.0
-1243.0
-1267.0
-1292.0
-1315.0
-1339.0
-1362.0
-1386.0
-1409.0
-1431.0
-1454.0
-1476.0
-1497.0
-1519.0
-1540.0
-1561.0
-1582.0
-1602.0
-1622.0
-1642.0
-1661.0
-1680.0
-1699.0
-1718.0
-1736.0
-1754.0
-1771.0
-1789.0
-1806.0
-1822.0
-1839.0
-1855.0
-1870.0
-1886.0
-1901.0
-1916.0
-1931.0
-1945.0
-1959.0
-1973.0
-1986.0
-1999.0
-2012.0
-2025.0
-2037.0
-2049.0
-2061.0
-2072.0
-2083.0
-2094.0
-2104.0
-2114.0
-2124.0
-2134.0
-2143.0
-2152.0
-2160.0
-2169.0
-2176.0
-2184.0
-2191.0
-2198.0
-2204.0
-2210.0
-2216.0
-2221.0
-2225.0
-2230.0
-2234.0
-2237.0
-2240.0
-2243.0
-2245.0
-2247.0
-2248.0
-2248.0
-2249.0
-2249.0
-2248.0
-2247.0
-2245.0
-2243.0
-2241.0
-2237.0
-2234.0
-2230.0
-2225.0
-2220.0
-2215.0
-2209.0
-2203.0
-2196.0
-2188.0
-2181.0
-2172.0
-2164.0
-2155.0
-2145.0
-2135.0
-2125.0
-2114.0
-2103.0
-2091.0
-2079.0
-2067.0
-2055.0
-2042.0
-2028.0
-2015.0
-2001.0
-1986.0
-1972.0
-1957.0
-1942.0
-1926.0
-1910.0
-1894.0
-1878.0
-1861.0
-1845.0
-1828.0
-1810.0
-1793.0
-1775.0
-1757.0
-1739.0
-1720.0
-1701.0
-1683.0
-1663.0
-1644.0
-1625.0
-1605.0
-1585.0
-1565.0
-1544.0
-1523.0
-1503.0
-1482.0
-1460.0
-1439.0
-1417.0
-1395.0
-1373.0
-1351.0
-1328.0
-1305.0
-1282.0
-1259.0
-1236.0
-1212.0
-1188.0
-1164.0
-1140.0
-1116.0
-1091.0
-1067.0
-1042.0
-1017.0
-991.5
-966.1
-940.6
-914.9
-889.1
-863.2
-837.2
-811.1
-784.9
-758.6
-732.2
-705.8
-679.4
-652.9
-626.3
-599.8
-573.2
-546.7
-520.2
-493.7
-467.3
-440.9
-414.6
-388.3
-362.2
-336.1
-310.2
-284.4
-258.7
-233.1
-207.7
-182.5
-157.4
-132.4
-107.7
-83.1
-58.73
-34.53
-10.55
13.25
36.83
60.21
83.36
106.3
129.0
151.6
173.8
195.9
217.7
239.4
260.8
281.9
302.9
323.6
344.1
364.4
384.4
404.2
423.8
443.1
462.3
481.2
499.9
518.3
536.5
554.5
572.2
589.8
607.0
624.1
640.8
657.3
673.6
689.6
705.3
720.8
736.0
750.9
765.5
779.8
793.8
807.5
820.9
833.9
846.6
859.0
871.0
882.7
894.0
905.0
915.5
925.7
935.4
944.8
953.7
962.3
970.3
978.0
985.2
992.0
998.4
1004.0
1010.0
1015.0
1019.0
1023.0
1027.0
1030.0
1033.0
1035.0
1036.0
1038.0
1038.0
1039.0
1038.0
1038.0
1037.0
1035.0
1033.0
1031.0
1028.0
1024.0
1021.0
1016.0
1012.0
1007.0
1001.0
995.4
989.1
982.5
975.4
968.0
960.2
952.1
943.5
934.7
925.4
915.9
906.0
895.7
885.1
874.2
863.0
851.5
839.6
827.4
814.9
802.2
789.1
775.7
762.0
748.0
733.7
719.1
704.2
689.1
673.6
657.8
641.7
625.4
608.7
591.8
574.5
557.0
539.1
521.0
502.6
483.9
464.8
445.5
425.9
406.0
385.8
365.4
344.6
323.6
302.3
280.7
258.8
236.7
214.4
191.7
168.8
145.7
122.4
98.82
75.0
51.01
26.78
2.386
-22.22
-46.97
-71.91
-96.98
-122.2
-147.6
-173.1
-198.6
-224.3
-250.1
-276.0
-301.9
-327.9
-353.9
-380.0
-406.1
-432.2
-458.3
-484.5
-510.6
-536.6
-562.7
-588.7
-614.6
-640.5
-666.3
-692.1
-717.7
-743.3
-768.8
-794.2
-819.5
-844.7
-869.8
-894.8
-919.6
-944.4
-969.0
-993.5
-1018.0
-1042.0
-1066.0
-1090.0
-1114.0
-1138.0
-1161.0
-1185.0
-1208.0
-1231.0
-1254.0
-1277.0
-1300.0
-1322.0
-1345.0
-1367.0
-1389.0
-1411.0
-1433.0
-1455.0
-1476.0
-1497.0
-1519.0
-1540.0
-1560.0
-1581.0
-1601.0
-1622.0
-1642.0
-1662.0
-1681.0
-1701.0
-1720.0
-1739.0
-1757.0
-1776.0
-1794.0
-1812.0
-1830.0
-1847.0
-1864.0
-1881.0
-1897.0
-1914.0
-1929.0
-1945.0
-1960.0
-1975.0
-1989.0
-2004.0
-2017.0
-2031.0
-2044.0
-2056.0
-2069.0
-2080.0
-2092.0
-2103.0
-2113.0
-2124.0
-2133.0
-2143.0
-2152.0
-2160.0
-2168.0
-2176.0
-2183.0
-2190.0
-2196.0
-2202.0
-2208.0
-2213.0
-2217.0
-2222.0
-2225.0
-2229.0
-2232.0
-2234.0
-2237.0
-2238.0
-2240.0
-2241.0
-2241.0
-2241.0
-2241.0
-2241.0
-2240.0
-2238.0
-2237.0
-2235.0
-2232.0
-2229.0
-2226.0
-2223.0
-2219.0
-2214.0
-2210.0
-2205.0
-2199.0
-2194.0
-2188.0
-2181.0
-2174.0
-2167.0
-2160.0
-2152.0
-2144.0
-2135.0
-2126.0
-2117.0
-2107.0
-2097.0
-2087.0
-2076.0
-2065.0
-2053.0
-2041.0
-2029.0
-2016.0
-2003.0
-1990.0
-1976.0
-1962.0
-1947.0
-1932.0
-1917.0
-1901.0
-1885.0
-1869.0
-1852.0
-1835.0
-1817.0
-1799.0
-1781.0
-1763.0
-1744.0
-1724.0
-1705.0
-1685.0
-1665.0
-1644.0
-1623.0
-1602.0
-1580.0
-1559.0
-1537.0
-1514.0
-1492.0
-1469.0
-1446.0
-1422.0
-1399.0
-1375.0
-1351.0
-1327.0
-1303.0
-1278.0
-1254.0
-1229.0
-1204.0
-1179.0
-1154.0
-1129.0
-1103.0
-1078.0
-1052.0
-1027.0
-1001.0
-975.0
-949.2
-923.3
-897.4
-871.5
-845.5
-819.5
-793.5
-767.5
-741.5
-715.5
-689.5
-663.5
-637.5
-611.5
-585.6
-559.7
-533.8
-508.0
-482.2
-456.4
-430.7
-405.0
-379.4
-353.8
-328.3
-302.8
-277.5
-252.1
-226.9
-201.7
-176.6
-151.6
-126.7
-101.8
-77.11
-52.47
-27.96
-3.54
20.74
44.91
68.93
92.83
116.6
140.2
163.6
186.8
209.9
232.8
255.5
278.0
300.3
322.3
344.1
365.8
387.1
408.2
429.0
449.6
469.8
489.8
509.5
528.9
547.9
566.7
585.1
603.2
620.9
638.3
655.3
672.0
688.3
704.2
719.8
734.9
749.7
764.1
778.1
791.8
805.0
817.8
830.2
842.3
853.9
865.2
876.0
886.4
896.4
906.1
915.3
924.2
932.6
940.7
948.4
955.7
962.5
969.1
975.2
981.0
986.3
991.3
995.9
1000.0
1004.0
1008.0
1011.0
1014.0
1016.0
1018.0
1020.0
1021.0
1022.0
1023.0
1023.0
1023.0
1022.0
1021.0
1020.0
1019.0
1017.0
1014.0
1012.0
1009.0
1005.0
1001.0
997.2
992.7
987.7
982.5
976.8
970.7
964.2
957.4
950.2
942.6
934.5
926.2
917.3
908.2
898.6
888.6
878.2
867.5
856.3
844.7
832.8
820.5
807.7
794.7
781.2
767.3
753.1
738.5
723.5
708.2
692.5
676.5
660.1
643.5
626.4
609.1
591.4
573.4
555.1
536.5
517.6
498.5
479.0
459.3
439.4
419.2
398.7
378.0
357.1
336.0
314.6
293.1
271.3
249.4
227.3
205.0
182.5
159.9
137.1
114.2
91.12
67.91
44.54
21.07
-2.557
-26.28
-50.14
-74.09
-98.17
-122.3
-146.6
-171.0
-195.4
-220.0
-244.6
-269.4
-294.2
-319.1
-344.0
-369.1
-394.2
-419.3
-444.6
-469.9
-495.2
-520.6
-546.1
-571.6
-597.1
-622.7
-648.3
-673.9
-699.5
-725.2
-750.9
-776.6
-802.2
-827.9
-853.6
-879.2
-904.8
-930.4
-955.9
-981.3
-1007.0
-1032.0
-1057.0
-1082.0
-1108.0
-1133.0
-1157.0
-1182.0
-1207.0
-1231.0
-1255.0
-1280.0
-1303.0
-1327.0
-1351.0
-1374.0
-1397.0
-1420.0
-1443.0
-1466.0
-1488.0
-1510.0
-1532.0
-1553.0
-1574.0
-1595.0
-1616.0
-1636.0
-1656.0
-1676.0
-1696.0
-1715.0
-1734.0
-1752.0
-1771.0
-1789.0
-1806.0
-1823.0
-1840.0
-1857.0
-1873.0
-1889.0
-1905.0
-1920.0
-1935.0
-1949.0
-1963.0
-1977.0
-1991.0
-2004.0
-2017.0
-2029.0
-2042.0
-2053.0
-2065.0
-2076.0
-2087.0
-2097.0
-2107.0
-2117.0
-2126.0
-2135.0
-2144.0
-2152.0
-2160.0
-2168.0
-2175.0
-2182.0
-2188.0
-2195.0
-2200.0
-2206.0
-2211.0
-2215.0
-2220.0
-2224.0
-2227.0
-2230.0
-2233.0
-2235.0
-2237.0
-2239.0
-2240.0
-2240.0
-2241.0
-2241.0
-2240.0
-2239.0
-2238.0
-2236.0
-2234.0
-2231.0
-2228.0
-2224.0
-2221.0
-2216.0
-2211.0
-2206.0
-2200.0
-2194.0
-2188.0
-2181.0
-2173.0
-2166.0
-2157.0
-2149.0
-2140.0
-2130.0
-2120.0
-2110.0
-2099.0
-2088.0
-2077.0
-2065.0
-2053.0
-2040.0
-2027.0
-2014.0
-2000.0
-1986.0
-1972.0
-1957.0
-1942.0
-1927.0
-1911.0
-1895.0
-1879.0
-1862.0
-1845.0
-1828.0
-1810.0
-1793.0
-1775.0
-1756.0
-1738.0
-1719.0
-1700.0
-1681.0
-1661.0
-1641.0
-1621.0
-1601.0
-1581.0
-1560.0
-1539.0
-1518.0
-1497.0
-1475.0
-1454.0
-1432.0
-1410.0
-1387.0
-1365.0
-1342.0
-1319.0
-1296.0
-1273.0
-1250.0
-1226.0
-1203.0
-1179.0
-1155.0
-1131.0
-1106.0
-1082.0
-1057.0
-1033.0
-1008.0
-982.9
-957.8
-932.5
-907.2
-881.7
-856.1
-830.5
-804.7
-778.9
-753.0
-727.0
-700.9
-674.8
-648.7
-622.5
-596.3
-570.0
-543.7
-517.5
-491.2
-464.9
-438.7
-412.5
-386.3
-360.2
-334.1
-308.1
-282.2
-256.3
-230.6
-204.9
-179.3
-153.9
-128.6
-103.5
-78.42
-53.56
-28.83
-4.295
20.09
44.27
68.28
92.08
115.7
139.1
162.3
185.2
208.0
230.5
252.8
274.8
296.6
318.2
339.5
360.5
381.3
401.8
422.1
442.1
461.8
481.3
500.5
519.3
538.0
556.3
574.3
592.1
609.5
626.7
643.5
660.1
676.4
692.3
707.9
723.3
738.3
753.0
767.3
781.4
795.1
808.5
821.5
834.2
846.6
858.6
870.3
881.6
892.5
903.1
913.3
923.1
932.6
941.7
950.4
958.6
966.6
974.0
981.2
987.8
994.1
999.9
1005.0
1010.0
1015.0
1019.0
1023.0
1026.0
1029.0
1031.0
1033.0
1035.0
1036.0
1037.0
1037.0
1036.0
1036.0
1035.0
1033.0
1031.0
1029.0
1026.0
1022.0
1018.0
1014.0
1010.0
1004.0
998.9
993.0
986.6
979.9
972.7
965.1
957.1
948.8
940.0
930.9
921.3
911.4
901.1
890.5
879.5
868.1
856.4
844.3
831.9
819.2
806.1
792.7
779.0
765.0
750.6
736.0
721.0
705.8
690.2
674.4
658.2
641.8
625.1
608.1
590.9
573.4
555.5
537.5
519.1
500.6
481.7
462.6
443.2
423.7
403.8
383.7
363.4
342.8
322.0
301.0
279.7
258.2
236.5
214.6
192.5
170.1
147.6
124.8
101.8
78.71
55.37
31.87
8.16
-15.69
-39.73
-63.9
-88.25
-112.7
-137.3
-162.1
-187.0
-212.0
-237.1
-262.3
-287.6
-312.9
-338.4
-363.9
-389.6
-415.2
-440.9
-466.6
-492.4
-518.2
-544.0
-569.8
-595.6
-621.4
-647.2
-672.9
-698.6
-724.3
-749.9
-775.5
-801.0
-826.4
-851.7
-877.0
-902.2
-927.3
-952.2
-977.1
-1002.0
-1027.0
-1051.0
-1075.0
-1100.0
-1124.0
-1148.0
-1172.0
-1195.0
-1219.0
-1242.0
-1265.0
-1288.0
-1311.0
-1334.0
-1356.0
-1379.0
-1401.0
-1423.0
-1445.0
-1466.0
-1488.0
-1509.0
-1530.0
-1551.0
-1571.0
-1592.0
-1612.0
-1632.0
-1652.0
-1671.0
-1690.0
-1709.0
-1728.0
-1747.0
-1765.0
-1783.0
-1801.0
-1818.0
-1836.0
-1852.0
-1869.0
-1885.0
-1902.0
-1917.0
-1933.0
-1948.0
-1963.0
-1977.0
-1992.0
-2005.0
-2019.0
-2032.0
-2045.0
-2057.0
-2069.0
-2081.0
-2093.0
-2103.0
-2114.0
-2124.0
-2134.0
-2143.0
-2153.0
-2161.0
-2169.0
-2177.0
-2184.0
-2191.0
-2198.0
-2204.0
-2210.0
-2215.0
-2220.0
-2224.0
-2228.0
-2232.0
-2235.0
-2238.0
-2240.0
-2242.0
-2243.0
-2244.0
-2245.0
-2245.0
-2245.0
-2244.0
-2243.0
-2242.0
-2240.0
-2237.0
-2235.0
-2231.0
-2228.0
-2224.0
-2219.0
-2215.0
-2209.0
-2204.0
-2198.0
-2192.0
-2185.0
-2178.0
-2170.0
-2162.0
-2154.0
-2145.0
-2136.0
-2127.0
-2117.0
-2107.0
-2096.0
-2086.0
-2074.0
-2063.0
-2051.0
-2038.0
-2026.0
-2013.0
-1999.0
-1985.0
-1971.0
-1957.0
-1942.0
-1927.0
-1911.0
-1896.0
-1879.0
-1863.0
-1846.0
-1829.0
-1811.0
-1794.0
-1776.0
-1757.0
-1738.0
-1719.0
-1700.0
-1680.0
-1660.0
-1640.0
-1619.0
-1599.0
-1577.0
-1556.0
-1534.0
-1513.0
-1490.0
-1468.0
-1445.0
-1422.0
-1399.0
-1376.0
-1353.0
-1329.0
-1305.0
-1281.0
-1257.0
-1232.0
-1208.0
-1183.0
-1158.0
-1133.0
-1108.0
-1082.0
-1057.0
-1032.0
-1006.0
-980.4
-954.6
-928.8
-902.9
-877.0
-851.0
-825.0
-799.0
-772.9
-746.8
-720.7
-694.6
-668.6
-642.5
-616.4
-590.4
-564.4
-538.4
-512.5
-486.6
-460.8
-435.1
-409.4
-383.7
-358.2
-332.7
-307.3
-282.0
-256.8
-231.7
-206.6
-181.7
-156.9
-132.2
-107.7
-83.25
-58.94
-34.75
-10.72
13.19
36.94
60.55
83.99
107.3
130.4
153.4
176.1
198.7
221.1
243.3
265.3
287.2
308.8
330.2
351.3
372.3
392.9
413.4
433.6
453.6
473.3
492.8
511.9
530.9
549.5
567.8
585.8
603.6
621.0
638.1
654.9
671.4
687.5
703.4
718.8
734.0
748.7
763.2
777.2
791.0
804.3
817.3
829.9
842.1
853.9
865.4
876.5
887.2
897.5
907.4
916.9
926.1
934.8
943.1
951.0
958.6
965.7
972.5
978.8
984.8
990.3
995.5
1000.0
1005.0
1009.0
1012.0
1015.0
1018.0
1020.0
1022.0
1024.0
1025.0
1026.0
1026.0
1026.0
1026.0
1025.0
1024.0
1023.0
1021.0
1019.0
1016.0
1013.0
1009.0
1006.0
1001.0
996.8
991.9
986.5
980.9
974.7
968.3
961.4
954.2
946.6
938.6
930.2
921.5
912.3
902.8
892.9
882.7
872.0
861.0
849.6
837.9
825.8
813.3
800.4
787.2
773.6
759.7
745.3
730.7
715.7
700.3
684.6
668.6
652.2
635.5
618.4
601.0
583.3
565.3
547.0
528.4
509.4
490.2
470.7
450.9
430.8
410.5
389.9
369.0
347.9
326.6
305.0
283.2
261.1
238.9
216.4
193.8
170.9
147.9
124.6
101.2
77.66
53.96
30.07
6.066
-18.1
-42.38
-66.8
-91.32
-116.0
-140.7
-165.6
-190.5
-215.5
-240.6
-265.8
-291.1
-316.4
-341.8
-367.3
-392.7
-418.3
-443.8
-469.5
-495.1
-520.8
-546.4
-572.1
-597.8
-623.5
-649.2
-674.9
-700.6
-726.3
-751.9
-777.5
-803.1
-828.6
-854.1
-879.6
-905.0
-930.3
-955.6
-980.8
-1006.0
-1031.0
-1056.0
-1081.0
-1105.0
-1130.0
-1155.0
-1179.0
-1203.0
-1227.0
-1251.0
-1275.0
-1299.0
-1322.0
-1346.0
-1369.0
-1392.0
-1414.0
-1437.0
-1459.0
-1481.0
-1503.0
-1525.0
-1546.0
-1568.0
-1588.0
-1609.0
-1630.0
-1650.0
-1670.0
-1689.0
-1709.0
-1728.0
-1746.0
-1765.0
-1783.0
-1801.0
-1818.0
-1835.0
-1852.0
-1869.0
-1885.0
-1901.0
-1916.0
-1931.0
-1946.0
-1961.0
-1975.0
-1989.0
-2002.0
-2015.0
-2028.0
-2040.0
-2052.0
-2064.0
-2075.0
-2086.0
-2097.0
-2107.0
-2117.0
-2126.0
-2135.0
-2144.0
-2152.0
-2160.0
-2168.0
-2175.0
-2182.0
-2188.0
-2195.0
-2200.0
-2206.0
-2211.0
-2215.0
-2219.0
-2223.0
-2227.0
-2230.0
-2232.0
-2235.0
-2237.0
-2238.0
-2239.0
-2240.0
-2240.0
-2240.0
-2240.0
-2239.0
-2238.0
-2236.0
-2234.0
-2232.0
-2229.0
-2225.0
-2222.0
-2218.0
-2213.0
-2208.0
-2203.0
-2197.0
-2191.0
-2185.0
-2178.0
-2171.0
-2163.0
-2155.0
-2146.0
-2137.0
-2128.0
-2118.0
-2108.0
-2098.0
-2087.0
-2076.0
-2064.0
-2052.0
-2040.0
-2027.0
-2014.0
-2000.0
-1986.0
-1972.0
-1957.0
-1942.0
-1927.0
-1911.0
-1896.0
-1879.0
-1863.0
-1846.0
-1828.0
-1811.0
-1793.0
-1775.0
-1756.0
-1738.0
-1719.0
-1699.0
-1680.0
-1660.0
-1640.0
-1619.0
-1599.0
-1578.0
-1557.0
-1535.0
-1514.0
-1492.0
-1470.0
-1448.0
-1426.0
-1403.0
-1380.0
-1357.0
-1334.0
-1311.0
-1287.0
-1263.0
-1240.0
-1215.0
-1191.0
-1167.0
-1143.0
-1118.0
-1093.0
-1068.0
-1043.0
-1018.0
-992.9
-967.5
-942.0
-916.5
-890.8
-865.1
-839.3
-813.4
-787.4
-761.4
-735.3
-709.2
-683.0
-656.8
-630.5
-604.2
-578.0
-551.6
-525.3
-499.0
-472.7
-446.5
-420.2
-394.0
-367.8
-341.7
-315.6
-289.6
-263.6
-237.8
-212.0
-186.3
-160.8
-135.3
-110.0
-84.76
-59.67
-34.75
-9.955
14.66
39.13
63.4
87.51
111.4
135.1
158.6
182.0
205.0
227.9
250.5
273.0
295.1
317.0
338.7
360.1
381.2
402.1
422.6
443.0
463.0
482.7
502.1
521.3
540.1
558.7
576.9
594.8
612.4
629.7
646.6
663.2
679.5
695.5
711.1
726.4
741.3
755.9
770.2
784.1
797.6
810.8
823.6
836.1
848.2
860.0
871.4
882.4
893.0
903.3
913.2
922.7
931.8
940.6
948.9
956.9
964.5
971.7
978.5
984.9
990.9
996.5
1002.0
1007.0
1011.0
1015.0
1018.0
1022.0
1024.0
1027.0
1029.0
1030.0
1031.0
1032.0
1032.0
1032.0
1031.0
1030.0
1029.0
1027.0
1025.0
1022.0
1019.0
1016.0
1012.0
1007.0
1003.0
997.5
991.9
985.9
979.5
972.7
965.5
958.0
950.0
941.7
932.9
923.8
914.2
904.3
894.0
883.4
872.4
861.1
849.3
837.2
824.8
812.0
798.9
785.5
771.7
757.6
743.1
728.4
713.3
697.9
682.2
666.3
650.0
633.4
616.5
599.4
582.0
564.3
546.3
528.1
509.6
490.8
471.8
452.6
433.1
413.3
393.3
373.1
352.7
332.0
311.1
290.0
268.7
247.2
225.5
203.5
181.4
159.1
136.6
113.9
90.99
67.95
44.71
21.34
-2.229
-25.92
-49.8
-73.79
-97.95
-122.2
-146.6
-171.2
-195.8
-220.6
-245.5
-270.4
-295.5
-320.7
-345.9
-371.2
-396.6
-422.1
-447.6
-473.2
-498.8
-524.4
-550.1
-575.8
-601.5
-627.2
-652.9
-678.6
-704.3
-730.0
-755.6
-781.2
-806.8
-832.3
-857.8
-883.2
-908.5
-933.7
-958.9
-984.0
-1009.0
-1034.0
-1059.0
-1083.0
-1108.0
-1132.0
-1156.0
-1180.0
-1204.0
-1228.0
-1252.0
-1275.0
-1299.0
-1322.0
-1345.0
-1368.0
-1390.0
-1413.0
-1435.0
-1457.0
-1479.0
-1500.0
-1522.0
-1543.0
-1564.0
-1584.0
-1605.0
-1625.0
-1645.0
-1665.0
-1684.0
-1703.0
-1722.0
-1741.0
-1759.0
-1777.0
-1795.0
-1813.0
-1830.0
-1847.0
-1864.0
-1880.0
-1896.0
-1912.0
-1928.0
-1943.0
-1957.0
-1972.0
-1986.0
-2000.0
-2013.0
-2027.0
-2039.0
-2052.0
-2064.0
-2076.0
-2087.0
-2098.0
-2109.0
-2119.0
-2129.0
-2138.0
-2147.0
-2156.0
-2164.0
-2172.0
-2180.0
-2187.0
-2193.0
-2200.0
-2205.0
-2211.0
-2216.0
-2221.0
-2225.0
-2229.0
-2232.0
-2235.0
-2237.0
-2239.0
-2241.0
-2242.0
-2243.0
-2243.0
-2243.0
-2243.0
-2242.0
-2241.0
-2239.0
-2237.0
-2234.0
-2231.0
-2228.0
-2224.0
-2219.0
-2215.0
-2210.0
-2204.0
-2198.0
-2192.0
-2185.0
-2178.0
-2171.0
-2163.0
-2154.0
-2146.0
-2137.0
-2127.0
-2117.0
-2107.0
-2097.0
-2086.0
-2074.0
-2063.0
-2050.0
-2038.0
-2025.0
-2012.0
-1999.0
-1985.0
-1971.0
-1956.0
-1941.0
-1926.0
-1911.0
-1895.0
-1879.0
-1862.0
-1846.0
-1829.0
-1811.0
-1793.0
-1775.0
-1757.0
-1739.0
-1720.0
-1701.0
-1681.0
-1662.0
-1642.0
-1621.0
-1601.0
-1580.0
-1559.0
-1538.0
-1516.0
-1495.0
-1473.0
-1451.0
-1428.0
-1406.0
-1383.0
-1360.0
-1337.0
-1313.0
-1290.0
-1266.0
-1242.0
-1218.0
-1194.0
-1169.0
-1145.0
-1120.0
-1095.0
-1070.0
-1045.0
-1020.0
-994.9
-969.5
-944.1
-918.5
-892.9
-867.3
-841.5
-815.8
-789.9
-764.1
-738.2
-712.3
-686.3
-660.4
-634.5
-608.5
-582.6
-556.7
-530.8
-504.9
-479.1
-453.3
-427.6
-401.9
-376.3
-350.8
-325.3
-299.9
-274.6
-249.4
-224.3
-199.3
-174.4
-149.6
-124.9
-100.3
-75.9
-51.61
-27.45
-3.443
20.43
44.13
67.69
91.06
114.3
137.3
160.2
182.9
205.4
227.7
249.8
271.6
293.3
314.8
336.1
357.1
377.9
398.4
418.8
438.8
458.7
478.2
497.5
516.6
535.3
553.8
572.0
589.9
607.6
624.9
642.0
658.7
675.1
691.2
707.0
722.4
737.5
752.2
766.7
780.8
794.5
807.9
820.9
833.5
845.9
857.8
869.3
880.5
891.3
901.7
911.7
921.3
930.6
939.4
947.8
955.9
963.5
970.7
977.6
984.0
990.0
995.6
1001.0
1006.0
1010.0
1014.0
1017.0
1021.0
1023.0
1026.0
1028.0
1029.0
1030.0
1031.0
1031.0
1031.0
1030.0
1029.0
1028.0
1026.0
1024.0
1021.0
1018.0
1015.0
1011.0
1007.0
1002.0
997.0
991.6
985.8
979.6
973.0
966.0
958.6
950.9
942.7
934.2
925.3
916.0
906.3
896.3
885.8
875.1
863.9
852.4
840.4
828.2
815.6
802.6
789.3
775.6
761.5
747.2
732.4
717.4
702.0
686.3
670.2
653.8
637.1
620.1
602.7
585.0
567.1
548.8
530.2
511.4
492.2
472.8
453.1
433.1
412.9
392.4
371.6
350.6
329.4
307.9
286.1
264.2
242.0
219.7
197.1
174.3
151.3
128.2
104.8
81.31
57.61
33.78
9.764
-14.37
-38.67
-63.07
-87.63
-112.3
-137.1
-161.9
-186.9
-212.0
-237.1
-262.4
-287.7
-313.0
-338.5
-363.9
-389.5
-415.1
-440.7
-466.3
-492.0
-517.6
-543.3
-569.0
-594.7
-620.4
-646.1
-671.7
-697.3
-722.9
-748.5
-774.0
-799.5
-824.9
-850.3
-875.6
-900.8
-926.0
-951.1
-976.1
-1001.0
-1026.0
-1050.0
-1075.0
-1100.0
-1124.0
-1148.0
-1172.0
-1196.0
-1220.0
-1244.0
-1267.0
-1291.0
-1314.0
-1337.0
-1360.0
-1383.0
-1405.0
-1428.0
-1450.0
-1472.0
-1493.0
-1515.0
-1536.0
-1557.0
-1578.0
-1599.0
-1619.0
-1639.0
-1659.0
-1678.0
-1698.0
-1717.0
-1736.0
-1754.0
-1772.0
-1790.0
-1808.0
-1825.0
-1842.0
-1859.0
-1875.0
-1891.0
-1907.0
-1923.0
-1938.0
-1952.0
-1967.0
-1981.0
-1995.0
-2008.0
-2021.0
-2034.0
-2046.0
-2058.0
-2070.0
-2081.0
-2092.0
-2103.0
-2113.0
-2123.0
-2132.0
-2141.0
-2150.0
-2158.0
-2166.0
-2174.0
-2181.0
-2187.0
-2194.0
-2200.0
-2205.0
-2211.0
-2216.0
-2220.0
-2224.0
-2228.0
-2231.0
-2234.0
-2236.0
-2238.0
-2240.0
-2241.0
-2242.0
-2243.0
-2243.0
-2242.0
-2242.0
-2241.0
-2239.0
-2237.0
-2235.0
-2232.0
-2229.0
-2225.0
-2221.0
-2217.0
-2212.0
-2207.0
-2202.0
-2196.0
-2189.0
-2183.0
-2175.0
-2168.0
-2160.0
-2152.0
-2143.0
-2134.0
-2124.0
-2114.0
-2104.0
-2093.0
-2082.0
-2071.0
-2059.0
-2047.0
-2034.0
-2021.0
-2008.0
-1994.0
-1980.0
-1965.0
-1951.0
-1935.0
-1920.0
-1904.0
-1888.0
-1871.0
-1854.0
-1837.0
-1820.0
-1802.0
-1784.0
-1765.0
-1746.0
-1727.0
-1708.0
-1688.0
-1668.0
-1648.0
-1628.0
-1607.0
-1586.0
-1565.0
-1543.0
-1521.0
-1499.0
-1477.0
-1455.0
-1432.0
-1409.0
-1386.0
-1363.0
-1339.0
-1316.0
-1292.0
-1268.0
-1244.0
-1219.0
-1195.0
-1170.0
-1145.0
-1121.0
-1095.0
-1070.0
-1045.0
-1020.0
-994.2
-968.6
-942.9
-917.1
-891.3
-865.4
-839.4
-813.3
-787.2
-761.1
-734.9
-708.7
-682.4
-656.1
-629.8
-603.5
-577.2
-551.0
-524.7
-498.4
-472.2
-446.0
-419.8
-393.7
-367.6
-341.6
-315.6
-289.8
-264.0
-238.3
-212.6
-187.1
-161.7
-136.4
-111.3
-86.22
-61.32
-36.55
-11.94
12.53
36.82
60.95
84.9
108.7
132.2
155.6
178.8
201.8
224.5
247.1
269.4
291.4
313.3
334.9
356.2
377.3
398.1
418.6
438.9
458.9
478.6
498.0
517.1
536.0
554.5
572.7
590.6
608.2
625.5
642.4
659.0
675.3
691.3
706.9
722.2
737.1
751.7
765.9
779.8
793.3
806.5
819.3
831.8
843.9
855.6
866.9
877.9
888.5
898.8
908.6
918.1
927.2
935.9
944.3
952.2
959.8
966.9
973.7
980.1
986.1
991.7
997.0
1002.0
1006.0
1010.0
1014.0
1017.0
1020.0
1022.0
1024.0
1026.0
1027.0
1028.0
1029.0
1029.0
1028.0
1027.0
1026.0
1025.0
1023.0
1020.0
1018.0
1014.0
1011.0
1007.0
1002.0
997.6
992.5
986.9
980.9
974.6
967.8
960.7
953.2
945.2
936.9
928.2
919.2
909.7
899.9
889.7
879.2
868.2
856.9
845.3
833.3
820.9
808.2
795.1
781.7
767.9
753.9
739.4
724.7
709.6
694.3
678.5
662.5
646.2
629.6
612.6
595.4
577.9
560.1
542.0
523.6
504.9
486.1
466.9
447.5
427.7
407.8
387.6
367.2
346.6
325.7
304.6
283.2
261.7
239.9
217.9
195.8
173.4
150.9
128.1
105.2
82.05
58.78
35.32
11.72
-12.06
-35.97
-60.05
-84.24
-108.6
-133.0
-157.7
-182.4
-207.2
-232.1
-257.1
-282.3
-307.5
-332.8
-358.2
-383.6
-409.1
-434.7
-460.3
-486.0
-511.7
-537.5
-563.3
-589.0
-614.9
-640.7
-666.5
-692.3
-718.1
-743.8
-769.6
-795.3
-821.0
-846.6
-872.2
-897.7
-923.1
-948.5
-973.7
-998.9
-1024.0
-1049.0
-1074.0
-1099.0
-1123.0
-1148.0
-1172.0
-1196.0
-1220.0
-1244.0
-1268.0
-1292.0
-1315.0
-1338.0
-1361.0
-1384.0
-1407.0
-1429.0
-1452.0
-1474.0
-1496.0
-1517.0
-1539.0
-1560.0
-1581.0
-1601.0
-1622.0
-1642.0
-1662.0
-1681.0
-1701.0
-1720.0
-1738.0
-1757.0
-1775.0
-1793.0
-1811.0
-1828.0
-1845.0
-1862.0
-1878.0
-1894.0
-1910.0
-1925.0
-1940.0
-1955.0
-1970.0
-1984.0
-1998.0
-2011.0
-2024.0
-2037.0
-2049.0
-2061.0
-2073.0
-2084.0
-2095.0
-2105.0
-2116.0
-2125.0
-2135.0
-2144.0
-2152.0
-2161.0
-2169.0
-2176.0
-2183.0
-2190.0
-2196.0
-2202.0
-2207.0
-2213.0
-2217.0
-2221.0
-2225.0
-2229.0
-2232.0
-2234.0
-2237.0
-2238.0
-2240.0
-2241.0
-2241.0
-2241.0
-2241.0
-2240.0
-2239.0
-2238.0
-2236.0
-2233.0
-2231.0
-2228.0
-2224.0
-2220.0
-2215.0
-2211.0
-2205.0
-2200.0
-2194.0
-2187.0
-2180.0
-2173.0
-2166.0
-2158.0
-2149.0
-2140.0
-2131.0
-2122.0
-2112.0
-2101.0
-2091.0
-2080.0
-2068.0
-2056.0
-2044.0
-2032.0
-2019.0
-2006.0
-1992.0
-1978.0
-1964.0
-1949.0
-1934.0
-1919.0
-1903.0
-1888.0
-1871.0
-1855.0
-1838.0
-1821.0
-1803.0
-1786.0
-1768.0
-1749.0
-1731.0
-1712.0
-1693.0
-1673.0
-1654.0
-1634.0
-1614.0
-1593.0
-1572.0
-1551.0
-1530.0
-1509.0
-1487.0
-1465.0
-1443.0
-1421.0
-1398.0
-1376.0
-1353.0
-1330.0
-1306.0
-1283.0
-1259.0
-1235.0
-1211.0
-1187.0
-1163.0
-1139.0
-1114.0
-1089.0
-1064.0
-1040.0
-1014.0
-989.3
-964.0
-938.6
-913.1
-887.5
-861.9
-836.2
-810.4
-784.6
-758.7
-732.8
-706.9
-680.9
-654.9
-628.9
-602.9
-576.8
-550.8
-524.8
-498.8
-472.9
-446.9
-421.0
-395.2
-369.4
-343.7
-318.0
-292.4
-266.9
-241.5
-216.1
-190.9
-165.7
-140.7
-115.8
-91.03
-66.37
-41.85
-17.47
6.757
30.85
54.76
78.52
102.1
125.5
148.7
171.8
194.6
217.3
239.7
261.9
283.9
305.7
327.3
348.6
369.7
390.6
411.2
431.6
451.6
471.5
491.0
510.4
529.3
548.1
566.5
584.7
602.5
620.1
637.3
654.2
670.8
687.1
703.1
718.7
734.0
749.0
763.5
777.8
791.7
805.3
818.5
831.3
843.7
855.9
867.6
878.9
889.8
